X-------- 1 -0.31 315 2 -0.5 49 3 -0.67 49 4 -0.0 1930 5 -0.61 53 6 -0.32 402 7 -0.4 100 8 -0.33 310 
XX---O--- 2 0.31 7 3 -0.85 2 4 -0.9 1 6 -0.9 2 7 -0.76 19 8 -0.9 1 
XXOX-O--- 4 -0.81 1 6 0.73 3 7 0.0 0 8 0.0 0 
---X----- 0 -0.21 8 1 -0.25 16 2 -0.06 28 4 -0.05 812 5 -0.22 12 6 -0.09 20 7 -0.06 59 8 -0.08 38 
OX-X----- 2 -0.81 1 4 0.19 15 5 0.0 1 6 0.0 0 7 0.0 0 8 -0.81 1 
OXOXX---- 5 0.05 14 6 -0.81 1 7 0.0 0 8 -0.81 1 
XOX------ 3 -0.81 1 4 0.06 41 5 -0.2 4 6 -0.12 7 7 -0.77 2 8 -0.81 1 
XOXX-O--- 4 -0.81 2 6 -0.08 9 7 -0.73 2 8 -0.27 12 
XOXXXO--O 6 0.0 75 7 -0.73 2 
XO-X----- 2 -0.81 3 4 -0.03 8 5 -0.24 3 6 -0.15 6 7 -0.73 1 8 -0.81 1 
XOOXX---- 5 -0.73 19 6 -0.81 1 7 -0.81 2 8 -0.81 2 
X-OX----- 1 -0.81 2 4 -0.33 3 5 -0.81 1 6 0.81 1 7 0 0 8 0 0 
X--XO---- 1 -0.38 19 2 -0.61 29 5 -0.72 10 6 0.01 609 7 -0.81 14 8 -0.5 15 
XO-XO--X- 2 -0.04 2 5 0.0 21 6 0.0 1 8 0 0 
XOOXOX-X- 6 0.73 2 8 0 0 
----X---- 0 -0.16 933 1 -0.62 1038 2 -0.23 963 3 -0.7 1004 5 -0.63 1140 6 -0.25 939 7 -0.57 976 8 -0.11 80646 
O---X-X-- 1 -0.33 3 2 -0.73 1 3 -0.81 1 5 -0.81 1 7 -0.06 35 8 -0.81 1 
OO--X-X-X 2 0.81 2 3 0 0 5 0 0 7 0 0 
XOXXO---- 5 -0.54 3 6 0.02 38 7 0.81 27 8 -0.81 3 
XXO------ 3 -0.73 1 4 0.29 11 5 0 0 6 0 0 7 0 0 8 0 0 
XXOOX---- 5 -0.79 5 6 -0.73 4 7 -0.68 57 8 -0.78 3 
XXOOXOX-- 7 -0.73 2 8 0.73 4 
XX-O----- 2 -0.76 17 4 -0.9 1 5 -0.77 14 6 -0.9 1 7 -0.9 1 8 -0.9 1 
XXOOXX-O- 6 -0.73 7 8 0.0 204 
XX--O---- 2 0.2 76 3 -0.9 5 5 -0.9 4 6 -0.9 1 7 -0.9 1 8 -0.7 8 
XXOXO---- 5 -0.81 1 6 0.81 6 7 0 0 8 0 0 
XX----O-- 2 -0.18 23 3 -0.81 1 4 -0.9 1 5 -0.9 2 7 -0.9 1 8 -0.9 3 
XXOX--O-- 4 0.81 3 5 0 0 7 0 0 8 0 0 
X-X---O-- 1 -0.36 250 3 -0.9 6 4 -0.89 10 5 -0.9 10 7 -0.81 6 8 -0.6 6 
XOXX--O-- 4 0.15 5 5 0 0 7 -0.73 1 8 0.44 5 
XOXXOXO-- 7 0.73 45 8 0.0 4 
-X-XO---- 0 0.0 4 2 0 0 5 -0.81 1 6 0 0 7 0.16 14 8 0 0 
OXXXO---- 5 0.06 13 6 0.15 5 7 0 0 8 0.81 2 
OXXXOOX-- 7 0.0 10 8 0.73 6 
X--X----O 1 -0.03 3 2 -0.81 1 4 -0.81 1 5 -0.01 7 6 0.0 7 7 0 0 
XOXX----O 4 -0.42 6 5 -0.03 32 6 0.09 17 7 -0.04 4 
XOXXOX--O 6 0.0 3 7 0.73 23 
X--X--O-- 1 0.0 2 2 -0.81 1 4 0 0 5 -0.04 2 7 -0.81 1 8 0.19 24 
XOXXO-OX- 5 0.0 547 8 0.0 31 
---XXO--- 0 -0.36 2 1 -0.81 1 2 -0.01 7 6 -0.16 5 7 0.15 15 8 0 0 
OX-XXO--- 2 -0.15 6 6 -0.09 27 7 -0.02 37 8 -0.73 2 
OXXXXO--O 6 -0.73 32 7 -0.73 3 
X----XO-- 1 -0.32 35 2 -0.59 15 3 -0.24 34 4 -0.09 38 7 -0.24 31 8 0.05 77 
XO--XXO-- 2 -0.81 6 3 -0.29 28 7 -0.3 3 8 -0.73 2 
XX-O-O--X 2 -0.81 1 4 0.81 2 6 0 0 7 0 0 
XXO--XO-- 3 -0.73 1 4 0.81 3 7 0 0 8 0 0 
XXOOXXO-- 7 -0.73 16 8 -0.73 2 
X-----O-X 1 -0.37 8 2 -0.3 6 3 -0.43 4 4 -0.41 4 5 -0.34 5 7 -0.3 3 
XOX---O-X 3 -0.81 9 4 -0.81 6 5 -0.66 85 7 -0.7 28 
XOXX--OOX 4 0.73 4 5 -0.73 1 
X--OXXO-- 1 -0.77 2 2 -0.73 4 7 -0.04 2 8 0.02 38 
XOXOXXO-- 7 -0.73 4 8 0.0 41 
X---OXOX- 1 -0.73 1 2 0.81 11 3 0 0 8 0 0 
XOX-OXOX- 3 -0.73 5 8 0.0 135 
XX-----O- 2 0.2 7 3 -0.9 1 4 -0.9 1 5 -0.9 2 6 -0.9 1 8 -0.9 1 
XXOX---O- 4 0 0 5 0 0 6 0 0 8 0.73 1 
XXOXX--OO 5 0.73 6 6 0 0 
XOXOX---- 5 -0.81 3 6 -0.45 7 7 -0.73 2 8 -0.44 11 
X-X----O- 1 -0.54 125 3 -0.9 2 4 -0.9 3 5 -0.9 2 6 -0.81 2 8 -0.9 3 
XOXX---O- 4 0.81 8 5 -0.73 1 6 0.73 1 8 0 0 
XOXXXO-O- 6 -0.73 19 8 -0.73 3 
XX------O 2 0.38 6 3 -0.9 1 4 0 0 5 0 0 6 0 0 7 -0.9 1 
XXOX----O 4 -0.04 2 5 0 0 6 0.73 1 7 0 0 
XXOXOX--O 6 0.73 5 7 0 0 
X-X-----O 1 -0.39 170 3 -0.9 7 4 -0.89 10 5 -0.75 6 6 -0.9 8 7 -0.9 2 
XOX-X---O 3 -0.73 1 5 -0.14 17 6 0.06 36 7 -0.3 3 
XOXOXX--O 6 0.0 48 7 -0.73 4 
X-X--XOO- 1 -0.04 2 3 0 0 4 0 0 8 0 0 
XOXX-XOO- 4 0 0 8 0.73 4 
XX---XOO- 2 0.73 1 3 0 0 4 0 0 8 0 0 
XXOX-XOO- 4 0.73 1 8 0 0 
X--X-XOO- 1 0.22 3 2 0 0 4 0 0 8 0 0 
X---XXOO- 1 -0.73 1 2 -0.73 1 3 -0.73 1 8 0.81 4 
XOX-XXOO- 3 -0.73 1 8 0.73 6 
XXO-XXOO- 3 -0.73 1 8 0.73 5 
XX-OXXOO- 2 -0.73 2 8 0.73 26 
XO-XX---O 2 -0.81 1 5 -0.54 23 6 -0.81 2 7 -0.81 2 
-----X--- 0 -0.48 13 1 -0.14 12 2 -0.09 38 3 -0.36 9 4 0.04 773 6 -0.02 36 7 -0.09 18 8 -0.04 116 
OX---X--- 2 0 0 3 0 0 4 0.49 3 6 0 0 7 -0.04 2 8 0 0 
OXX-OX--- 3 -0.19 5 6 -0.81 1 7 -0.81 1 8 0.81 6 
OXXOOX-X- 6 0.73 12 8 0 0 
X----X-O- 1 0 0 2 0 0 3 0 0 4 0.79 4 6 0 0 8 0 0 
XX--OX-O- 2 0.15 5 3 0 0 6 0 0 8 0.73 1 
XXOXOX-O- 6 0.73 3 8 0 0 
XX----OOX 2 0.73 1 3 0 0 4 0 0 5 0 0 
XXOX--OOX 4 0.73 2 5 0 0 
-X-X----O 0 -0.24 3 2 0.24 3 4 0 0 5 0 0 6 0.73 2 7 0 0 
OXXX----O 4 0.81 3 5 0 0 6 0 0 7 0 0 
--X------ 0 -0.19 844 1 -0.29 330 3 -0.4 49 4 -0.01 1387 5 -0.47 38 6 -0.32 326 7 -0.19 224 8 -0.29 41 
O-X-----X 1 -0.89 8 3 -0.03 6 4 -0.23 29 5 -0.01 178 6 -0.88 8 7 -0.08 9 
OOXX----X 4 -0.81 1 5 -0.12 6 6 0 0 7 0 0 
--XOX---- 0 -0.85 2 1 -0.63 4 5 -0.8 6 6 -0.58 89 7 -0.78 3 8 -0.87 3 
OXXOX---- 5 -0.81 1 6 0.81 4 7 0 0 8 0 0 
X-X-O---- 1 0.36 75 3 -0.9 3 5 -0.9 4 6 -0.45 2 7 -0.9 4 8 -0.84 3 
X-X---OOX 1 -0.81 9 3 -0.81 2 4 -0.81 2 5 -0.81 2 
X-X--O--- 1 -0.35 23 3 -0.9 2 4 -0.9 1 6 -0.9 1 7 -0.9 2 8 -0.9 1 
XOX-X-O-- 3 -0.07 11 5 -0.24 3 7 -0.3 3 8 0.05 47 
--XX--O-- 0 -0.73 1 1 -0.73 1 4 -0.41 2 5 -0.73 1 7 0.36 8 8 0 0 
OXXX--O-- 4 0.0 4 5 -0.1 7 7 0.0 9 8 0.73 3 
OXXXOXO-- 7 -0.73 1 8 0.73 5 
--XX----O 0 -0.47 5 1 -0.81 1 4 -0.81 3 5 -0.15 6 6 0.04 18 7 0 0 
X-XXO-O-- 1 0.03 516 5 -0.65 10 7 -0.63 17 8 -0.77 19 
XOXXX-OO- 5 -0.73 1 8 0.73 8 
-X------- 0 -0.1 84 2 -0.04 767 3 -0.83 9 4 -0.09 11 5 -0.35 16 6 -0.49 10 7 -0.37 15 8 -0.05 29 
OXX------ 3 0.65 24 4 0.0 2 5 0 0 6 0.78 3 7 0 0 8 0 0 
--------X 0 -0.09 18 1 -0.26 23 2 -0.26 10 3 -0.38 11 4 -0.01 889 5 -0.12 10 6 -0.48 16 7 -0.12 14 
OX------X 2 -0.73 2 3 -0.02 5 4 -0.51 3 5 0.15 5 6 0 0 7 0 0 
OXOX----X 4 -0.73 1 5 -0.73 1 6 -0.73 1 7 -0.15 15 
OXOXO--XX 5 -0.73 3 6 0.73 6 
XO------X 2 -0.09 2 3 -0.81 1 4 0.36 4 5 0 0 6 -0.09 2 7 -0.04 4 
XOOX----X 4 0.73 1 5 0 0 6 0 0 7 0 0 
XOOXOX--X 6 0.73 2 7 0 0 
XOX-O---X 3 -0.81 1 5 0.18 4 6 0 0 7 0.81 7 
------X-- 0 -0.19 13 1 -0.38 19 2 -0.2 169 3 -0.26 12 4 -0.01 727 5 -0.16 11 7 -0.24 14 8 -0.64 14 
OX----X-- 2 -0.73 1 3 -0.04 2 4 0.2 4 5 0 0 7 0 0 8 0 0 
OXOX--X-- 4 -0.73 1 5 0.09 8 7 0 0 8 0 0 
OXOXO-XX- 5 -0.73 2 8 0.73 5 
XO----X-- 2 -0.9 6 3 -0.65 75 4 -0.9 3 5 -0.81 1 7 -0.68 16 8 -0.81 2 
XOXO--X-- 4 0.73 4 5 0 0 7 0 0 8 0 0 
XOXOOXX-- 7 0.73 30 8 0.0 1 
X-XX-OO-- 1 -0.73 1 4 -0.81 1 7 -0.81 1 8 0 0 
XOXXXOO-- 7 -0.73 5 8 0.0 56 
X-X-O--XO 1 -0.04 19 3 -0.81 1 5 -0.81 1 6 -0.81 1 
XOXXO--XO 5 -0.73 2 6 0.0 20 
X-XX--OO- 1 0.73 2 4 0 0 5 0 0 8 0 0 
-XXX--OO- 0 0.73 1 4 0 0 5 0 0 8 0 0 
OXXXX-OO- 5 0.0 1 8 0.73 21 
--X--XO-- 0 -0.24 3 1 0.0 6 3 0.0 1 4 0 0 7 0 0 8 0 0 
X-XO-XO-- 1 -0.71 8 4 -0.81 1 7 -0.81 1 8 -0.81 1 
--XX--OOX 0 -0.73 1 1 0.73 1 4 0 0 5 0 0 
OXXX--OOX 4 -0.73 1 5 0.0 71 
--XXX-OO- 0 0.73 2 1 -0.73 1 5 -0.73 1 8 0.81 24 
XX--XO-O- 2 -0.51 16 3 -0.81 1 6 -0.81 1 8 -0.81 1 
XXOXXO-O- 6 -0.73 1 8 0.73 8 
X---O-X-- 1 -0.74 33 2 -0.72 26 3 0.05 1517 5 -0.52 36 7 -0.66 32 8 -0.79 26 
XOX-O-X-- 3 0.65 9 5 -0.81 1 7 0 0 8 0.0 1 
XOXOO-XX- 5 0.73 5 8 0.0 1 
--X-X-O-- 0 -0.73 1 1 0 0 3 -0.41 2 5 0 0 7 0.63 19 8 0.0 2 
OXX-X-O-- 3 0.81 5 5 0 0 7 0 0 8 -0.73 1 
OXXXX-O-O 5 -0.73 1 7 0.73 5 
X-X-X-OO- 1 0.73 1 3 0 0 5 0 0 8 0 0 
O-X--X--- 1 -0.57 13 3 -0.57 31 4 -0.55 86 6 -0.55 43 7 -0.56 31 8 -0.55 25 
OOXX-X--- 4 -0.37 7 6 -0.81 1 7 -0.81 1 8 -0.81 2 
-OX---X-- 0 -0.09 2 3 -0.09 2 4 0.73 3 5 0 0 7 0 0 8 0 0 
OOXX--X-- 4 0.44 5 5 -0.81 1 7 0 0 8 0 0 
OOXXOXX-- 7 0.73 4 8 0 0 
OX--X---- 2 -0.67 41 3 -0.89 17 5 -0.72 12 6 -0.57 37 7 -0.07 621 8 -0.87 13 
OX-XX--O- 2 -0.74 12 5 -0.04 330 6 -0.62 8 8 -0.81 9 
O-XXX---O 1 -0.81 2 5 -0.73 1 6 -0.73 1 7 -0.68 12 
XOXXX-O-O 5 0.0 12 7 0.73 12 
--X---OX- 0 0.27 3 1 0.0 1 3 -0.77 2 4 0.0 1 5 0 0 8 0 0 
X-X-O-OX- 1 -0.24 3 3 -0.73 1 5 -0.81 1 8 -0.81 1 
XOX-O-OXX 3 -0.73 3 5 0.0 54 
-------X- 0 -0.01 28 1 -0.05 14 2 -0.18 11 3 -0.22 17 4 0.01 874 5 -0.15 23 6 -0.43 11 8 -0.12 19 
OX-----X- 2 -0.09 2 3 -0.04 2 4 0.36 2 5 0 0 6 0 0 8 0 0 
OXOX---X- 4 0.73 3 5 0 0 6 0 0 8 0 0 
OXOXOX-X- 6 0.73 5 8 0 0 
OXXO----X 4 -0.81 1 5 0.73 5 6 0 0 7 0 0 
-O-X--X-- 0 0.24 3 2 -0.9 2 4 -0.9 1 5 -0.9 1 7 -0.9 1 8 -0.9 1 
OOXXO-X-X 5 -0.73 2 7 0.73 10 
XOX-X-OXO 3 0.0 720 5 0.0 55 
X-XO--OX- 1 -0.73 1 4 -0.81 1 5 0 0 8 0 0 
XOXOX-OX- 5 -0.73 2 8 0.0 38 
OXX---OX- 3 0.81 1 4 0 0 5 0 0 8 0 0 
--XX-XOO- 0 -0.73 1 1 0 0 4 0.0 2 8 0 0 
OXXX-XOO- 4 -0.73 1 8 0.73 3 
XOX-XXO-O 3 0 0 7 0.73 10 
X-X--XO-O 1 0.29 5 3 0 0 4 0 0 7 0 0 
XOXX-XO-O 4 0.0 2 7 0.73 6 
O-X----X- 1 0.0 5 3 -0.04 2 4 0.24 9 5 0 0 6 0 0 8 0 0 
OXXO---X- 4 0.73 4 5 0 0 6 0 0 8 0 0 
XOX--XO-- 3 -0.81 2 4 -0.01 12 7 -0.3 3 8 0.1 7 
OXX-O---X 3 -0.43 4 5 0.08 45 6 -0.36 2 7 0.0 1 
OXXOO--XX 5 0.73 3 6 0.73 1 
-OX-----X 0 -0.68 12 3 -0.43 8 4 -0.51 14 5 -0.34 182 6 -0.75 6 7 -0.49 11 
OOXXXO--X 6 0.0 40 7 -0.73 4 
OXOXXOX-- 7 0.0 33 8 0.73 4 
XOX---OX- 3 -0.06 23 4 -0.02 36 5 -0.18 4 8 0.0 23 
XOXX--OXO 4 0.0 59 5 0.0 3 
--X--OX-- 0 0.16 4 1 -0.81 1 3 -0.81 1 4 -0.81 1 7 -0.81 1 8 -0.81 1 
OXX--OX-- 3 -0.81 2 4 0.49 3 7 0 0 8 0 0 
X-X-O-O-X 1 -0.81 3 3 -0.81 1 5 -0.81 1 7 -0.81 1 
O--X---X- 1 -0.36 2 2 0.73 1 4 0 0 5 0 0 6 0 0 8 0 0 
OOXX---X- 4 -0.73 1 5 -0.18 4 6 0.0 6 8 0 0 
OOXXX-OX- 5 0.0 34 8 -0.73 5 
-XX---O-- 0 0.14 6 3 0 0 4 -0.9 1 5 0 0 7 0 0 8 -0.9 1 
OXXXXOO-- 7 0.0 134 8 -0.73 9 
OXX--XO-- 3 0.81 4 4 0 0 7 0 0 8 0 0 
O-XXO---X 1 -0.49 5 5 -0.05 173 6 -0.41 10 7 -0.41 14 
--X-X-OOX 0 0.73 1 1 0 0 3 0 0 5 0 0 
OXX-X-OOX 3 0.73 3 5 0 0 
X-XOX-O-- 1 -0.68 74 5 -0.78 3 7 -0.81 5 8 -0.81 2 
OOXXOX-X- 6 -0.73 1 8 0.73 5 
XOXX-OOX- 4 0.0 4 8 0 0 
OXX--O--X 3 0.52 7 4 0 0 6 0.0 1 7 0 0 
OXXOXO--X 6 0.73 12 7 -0.73 1 
O-X-XO--X 1 -0.12 7 3 -0.04 2 6 0.21 7 7 0 0 
X-X---OXO 1 0.0 1 3 0 0 4 0 0 5 0 0 
XOXO----X 4 -0.3 6 5 -0.81 1 6 -0.81 1 7 -0.81 1 
-XX-X-OO- 0 0.73 3 3 0 0 5 0 0 8 0 0 
O-XX-XO-- 1 -0.81 3 4 -0.73 1 7 -0.64 9 8 -0.65 28 
XOXO-XOX- 4 -0.73 2 8 0.0 12 
--X---O-X 0 -0.58 45 1 -0.58 20 3 -0.81 6 4 -0.59 4 5 -0.58 45 7 -0.61 4 
O-XX--O-X 1 -0.73 1 4 -0.09 9 5 0.0 1 7 0 0 
OOXXX-O-X 5 0.0 10 7 -0.73 1 
OXXXO-O-X 5 0.0 16 7 -0.73 1 
O-XX-O--X 1 -0.73 7 4 -0.04 17 6 0.0 123 7 0.0 6 
X----XOOX 1 -0.81 3 2 -0.73 1 3 -0.73 3 4 -0.37 14 
XX-O-XOOX 2 -0.73 2 4 -0.73 1 
O-XXOXOX- 1 -0.73 1 8 0.73 3 
X----O-X- 1 -0.73 1 2 -0.03 8 3 -0.81 1 4 -0.04 2 6 -0.1 9 8 -0.81 1 
XOX--O-X- 3 -0.73 1 4 0.0 2 6 0 0 8 0 0 
XOXOXO-X- 6 -0.73 3 8 -0.73 2 
--XX---O- 0 -0.24 3 1 -0.36 4 4 0.25 12 5 0 0 6 -0.73 1 8 -0.81 1 
OXXX---O- 4 -0.73 2 5 -0.12 6 6 0.02 63 8 0 0 
OXXXOX-O- 6 -0.73 1 8 0.73 7 
OXO-X---X 3 -0.36 2 5 -0.81 2 6 -0.73 2 7 0.0 32 
X-XOXO--- 1 -0.8 12 6 -0.81 1 7 -0.81 1 8 -0.81 1 
O-----XX- 1 0.81 1 2 -0.9 1 3 0 0 4 0.73 1 5 0 0 8 0 0 
OO-X--XX- 2 0.81 1 4 0 0 5 0 0 8 0 0 
OXXXOO--X 6 0.0 61 7 0.0 1 
XO--X---- 2 -0.81 1 3 -0.36 9 5 -0.77 2 6 -0.32 10 7 -0.38 4 8 -0.81 1 
X-O-X---- 1 -0.81 12 3 -0.68 90 5 -0.89 9 6 -0.72 30 7 -0.81 6 8 -0.05 344 
X--OX---- 1 -0.76 3 2 -0.77 2 5 -0.85 2 6 -0.77 2 7 -0.81 3 8 -0.59 37 
XOXOXX-O- 6 -0.73 14 8 -0.73 1 
---X---OX 0 -0.73 1 1 -0.81 1 2 -0.81 1 4 -0.73 1 5 0.09 8 6 0 0 
OX-X---OX 2 -0.73 1 4 0 0 5 0 0 6 0 0 
OXOXX--OX 5 0.0 57 6 -0.73 3 
X---XO--- 1 -0.81 1 2 -0.49 37 3 -0.9 1 6 -0.81 2 7 -0.81 2 8 -0.58 7 
X---X-O-- 1 -0.08 10 2 -0.04 2 3 -0.73 1 5 -0.81 1 7 0.81 1 8 0 0 
---XX-O-- 0 -0.81 4 1 -0.58 7 2 -0.81 3 5 -0.05 189 7 -0.69 77 8 -0.88 8 
OX-XX-O-- 2 -0.81 1 5 -0.18 4 7 -0.28 6 8 -0.81 1 
X---X--O- 1 -0.73 1 2 -0.81 2 3 -0.81 2 5 -0.35 7 6 -0.78 3 8 -0.01 24 
XOX-X--O- 3 -0.73 4 5 -0.79 4 6 -0.67 78 8 -0.67 33 
X---X---O 1 -0.44 33 2 -0.09 42 3 -0.74 12 5 -0.61 16 6 -0.02 888 7 -0.62 21 
OXOXXO--X 6 -0.73 2 7 0.0 13 
----XX--O 0 -0.54 21 1 -0.48 17 2 -0.25 19 3 -0.06 936 6 -0.58 22 7 -0.3 27 
OX--XX--O 2 -0.81 2 3 -0.41 8 6 -0.81 2 7 -0.81 2 
-X--O-X-- 0 -0.73 1 2 -0.73 1 3 0.38 6 5 0.45 5 7 0 0 8 0.0 2 
OXX-O-X-- 3 -0.73 1 5 0 0 7 0.0 1 8 0.81 4 
OXXOOXX-- 7 -0.73 1 8 0.73 8 
OXX-XO--- 3 -0.81 6 6 -0.81 1 7 -0.39 41 8 -0.73 2 
OX-OX-X-- 2 -0.81 1 5 -0.81 1 7 0 0 8 -0.81 2 
XO-XX-O-- 2 -0.81 2 5 -0.29 19 7 -0.81 2 8 -0.81 2 
--O-X--X- 0 -0.9 4 1 -0.0 186 3 -0.5 97 5 -0.89 7 6 -0.76 3 8 -0.9 8 
X-OXX-O-- 1 -0.81 2 5 -0.46 18 7 -0.81 1 8 -0.81 1 
OXO-X-X-- 3 -0.32 10 5 -0.36 2 7 -0.12 38 8 -0.73 2 
OXOOXXX-- 7 0.0 27 8 -0.73 3 
O---XX--- 1 -0.49 4 2 -0.81 1 3 0.05 28 6 -0.33 6 7 -0.9 2 8 -0.73 2 
OOX-XX--- 3 -0.04 2 6 -0.81 1 7 0 0 8 0 0 
OOXOXX-X- 6 0.73 4 8 0 0 
X-O-----X 1 -0.9 1 3 -0.81 1 4 -0.27 3 5 -0.02 4 6 0 0 7 0 0 
XO---X--- 2 -0.43 4 3 -0.16 9 4 0.02 83 6 -0.81 4 7 -0.36 7 8 -0.28 60 
XOOX-X--- 4 -0.81 1 6 -0.81 2 7 -0.04 2 8 0 0 
X--O----X 1 -0.81 1 2 -0.73 1 4 -0.04 2 5 -0.04 2 6 -0.81 1 7 -0.27 3 
----OX--X 0 -0.14 6 1 -0.63 6 2 0.01 436 3 -0.26 6 6 -0.55 10 7 -0.02 4 
OX--OX--X 2 0.0 13 3 0 0 6 -0.81 2 7 -0.81 1 
X----O--X 1 -0.04 2 2 -0.81 1 3 -0.09 4 4 0.0 3 6 0 0 7 0 0 
XOX--O--X 3 -0.81 1 4 0.73 3 6 0 0 7 -0.3 3 
O------XX 1 -0.73 1 2 -0.81 1 3 -0.81 1 4 -0.81 1 5 -0.36 2 6 0.56 8 
OOX----XX 3 -0.73 1 4 0 0 5 0 0 6 0 0 
OOXOX--XX 5 -0.73 1 6 0.73 2 
XO-X--O-X 2 -0.81 1 4 0.49 3 5 0 0 7 0 0 
XO-X---OX 2 -0.81 1 4 0.81 1 5 0 0 6 0 0 
OX-O---XX 2 -0.81 1 4 0 0 5 0 0 6 0 0 
-O-X----X 0 0.0 1 2 0 0 4 0 0 5 0 0 6 0 0 7 0 0 
XXO--O--X 3 -0.81 1 4 0.73 3 6 0 0 7 0 0 
XOXXOO--X 6 0.0 33 7 0.73 4 
-O----X-X 0 -0.27 3 2 -0.81 1 3 -0.81 1 4 0.81 1 5 0.0 2 7 0 0 
XO---OX-X 2 0 0 3 0 0 4 0.73 1 7 0 0 
XOX-OOX-X 3 0.73 3 7 0 0 
O---X--X- 1 -0.03 28 2 -0.9 1 3 -0.9 2 5 -0.45 2 6 -0.9 1 8 -0.9 1 
OOX-X--X- 3 -0.19 5 5 -0.77 2 6 -0.05 16 8 -0.81 3 
OOX-XO-XX 3 -0.73 1 6 0.0 15 
OO--X--XX 2 0.81 1 3 0 0 5 0 0 6 0 0 
OO-XX--X- 2 0.81 2 5 0 0 6 0 0 8 -0.73 1 
OOXXX--XO 5 -0.73 13 6 -0.73 2 
-OXXO---X 0 -0.81 1 5 0.09 8 6 0 0 7 0 0 
XOX----OX 3 -0.81 1 4 0.81 3 5 0 0 6 0 0 
XO--OX--X 2 0.52 7 3 0 0 6 0 0 7 0 0 
OO--XX-X- 2 0.81 1 3 0 0 6 0 0 8 0 0 
X---O---X 1 0.22 21 2 -0.04 2 3 0 0 5 0.22 18 6 0 0 7 0.04 2 
OX--XXO-- 2 -0.81 1 3 0.81 2 7 -0.04 2 8 -0.04 2 
XO--XX--O 2 -0.81 1 3 0.0 8 6 0 0 7 0 0 
OXX-XXOO- 3 0.73 2 8 0.73 1 
OXX-XXO-O 3 0.73 4 7 0 0 
--OX-X--- 0 0.81 1 1 0 0 4 0 0 6 0 0 7 0 0 8 0 0 
O-OX-X--X 1 0.81 2 4 0 0 6 0 0 7 0 0 
-X--O---X 0 -0.41 2 2 0.13 11 3 0 0 5 0 0 6 0 0 7 0 0 
-XO-O--XX 0 -0.04 2 3 -0.04 4 5 -0.02 4 6 0.81 3 
XXO-O---X 3 0.73 14 5 0 0 6 0 0 7 0 0 
XXOOOX--X 6 0.73 15 7 0 0 
OXO----XX 3 -0.81 1 4 0 0 5 0 0 6 0 0 
O---XO-XX 1 0.0 12 2 -0.3 3 3 0 0 6 -0.81 1 
OO--X-XX- 2 0.81 2 3 0 0 5 0 0 8 0 0 
X-O--X--- 1 -0.81 1 3 -0.18 4 4 0.07 10 6 0 0 7 0 0 8 0.0 1 
OXOOX-X-X 5 -0.73 1 7 0.0 12 
XOO-X--X- 3 -0.36 2 5 -0.81 3 6 -0.73 5 8 -0.02 171 
XOOOXX-X- 6 -0.73 2 8 0.0 28 
X-OOX--X- 1 0.0 21 5 -0.81 1 6 -0.81 1 8 0 0 
OX-XX-OOX 2 -0.73 1 5 0.0 2 
OXOXX-O-X 5 -0.73 7 7 -0.73 1 
O---X---X 1 -0.81 1 2 0.0 12 3 0 0 5 0 0 6 0 0 7 0 0 
OOX-X---X 3 -0.81 1 5 -0.35 7 6 -0.81 1 7 -0.81 1 
XXOOXX--O 6 -0.73 26 7 0.0 331 
XOX-XO--- 3 -0.81 1 6 -0.16 5 7 -0.73 1 8 -0.81 1 
XXO-XO--- 3 -0.04 2 6 -0.81 1 7 -0.04 2 8 0.81 4 
X--XXOO-- 1 -0.05 15 2 -0.73 1 7 -0.81 1 8 0.44 5 
XXOXXOO-- 7 -0.73 1 8 0.73 6 
X-OXXO--- 1 -0.81 1 6 -0.04 2 7 -0.04 4 8 0.81 1 
X-O-XOX-- 1 -0.81 1 3 -0.02 4 7 -0.81 1 8 0.81 3 
X-OXX--O- 1 -0.81 8 5 -0.81 1 6 -0.81 1 8 -0.81 1 
--O--XX-- 0 0.03 3 1 0 0 3 0 0 4 0 0 7 0 0 8 0 0 
O-OX-XX-- 1 0.81 2 4 0 0 7 0 0 8 0 0 
X-OOXOXX- 1 -0.73 1 8 0.73 3 
--X-XO--- 0 -0.75 97 1 -0.89 16 3 -0.81 19 6 -0.7 718 7 -0.77 11 8 -0.78 46 
OXXXXO-O- 6 0.0 317 8 -0.73 17 
--X-O---X 0 -0.18 4 1 -0.02 7 3 -0.81 1 5 0.11 29 6 0 0 7 0.0 1 
-X--XO--- 0 -0.39 38 2 -0.81 1 3 -0.81 1 6 -0.41 7 7 -0.81 2 8 -0.47 5 
X-O-XX--O 1 -0.73 20 3 -0.05 326 6 -0.81 10 7 -0.51 13 
--O-X-X-- 0 -0.03 59 1 -0.79 4 3 -0.41 2 5 -0.16 5 7 -0.57 4 8 -0.27 3 
XOO-X-X-- 3 -0.75 122 5 -0.74 584 7 -0.81 16 8 -0.81 17 
XOOOX-XX- 5 -0.73 4 8 0.0 27 
----XOX-- 0 -0.16 10 1 -0.87 3 2 -0.81 1 3 -0.81 1 7 -0.73 1 8 -0.9 1 
OX--XOX-- 2 -0.07 11 3 -0.81 1 7 -0.81 1 8 -0.81 1 
X--XX-OO- 1 -0.04 2 2 -0.81 1 5 -0.81 1 8 0.81 1 
XX-OXO--- 2 -0.81 2 6 -0.81 3 7 -0.8 19 8 -0.81 1 
-X-XXOO-- 0 -0.73 1 2 -0.04 2 7 0.06 12 8 -0.04 2 
XX--XO--O 2 0.81 2 3 -0.81 1 6 0 0 7 0 0 
----XO-X- 0 -0.53 7 1 -0.73 1 2 -0.49 4 3 -0.9 1 6 -0.6 3 8 -0.9 1 
O-OXXO-XX 1 0.73 1 6 0 0 
O-X-XO-X- 1 -0.72 37 3 -0.81 1 6 -0.81 3 8 -0.81 2 
X-O-XO-X- 1 0.34 4 3 0 0 6 0 0 8 0.81 1 
XOOXXO-X- 6 0 0 8 0.73 5 
OXX-XO-OX 3 -0.73 4 6 0.0 30 
X--OXX--O 1 -0.15 5 2 -0.08 9 6 0.03 25 7 -0.73 1 
OXO-XOX-X 3 -0.73 3 7 0.0 12 
-X--XOO-X 0 0.73 1 2 0 0 3 0 0 7 0 0 
OXX-XOO-X 3 0.73 18 7 0.0 2 
XX-XO--O- 2 -0.67 11 5 -0.81 2 6 -0.81 1 8 -0.81 1 
X--O--X-- 1 -0.73 1 2 0.0 3 4 0 0 5 0 0 7 0 0 8 0.0 1 
XO-OX-X-- 2 -0.8 6 5 -0.81 1 7 -0.81 2 8 -0.73 62 
-XX-XO--O 0 -0.79 38 3 -0.81 2 6 -0.79 5 7 -0.81 2 
----XO--X 0 -0.17 83 1 -0.9 2 2 -0.68 4 3 -0.9 2 6 -0.9 2 7 -0.9 4 
OX--XO--X 2 -0.81 1 3 -0.36 4 6 -0.36 2 7 -0.08 18 
XO--XO-X- 2 -0.73 1 3 -0.73 1 6 0.0 3 8 0 0 
XOO-XOXX- 3 -0.73 2 8 0.73 29 
OX-XXOO-X 2 -0.73 6 7 0.0 139 
O--XXO--X 1 0.0 1 2 0 0 6 0 0 7 0.0 1 
OX-OXOX-X 2 -0.73 3 7 -0.73 2 
O---XOX-X 1 -0.81 3 2 -0.34 7 3 -0.73 1 7 -0.05 27 
OX--XOXOX 2 0.0 6 3 0 0 
XX-OX-O-- 2 -0.73 3 5 -0.81 1 7 -0.81 1 8 -0.81 1 
XX-OX--O- 2 -0.68 91 5 -0.81 5 6 -0.81 5 8 -0.7 14 
XXOO-X--- 4 0.09 8 6 0 0 7 0 0 8 0 0 
XXOOOXX-- 7 0.0 106 8 0.0 6 
-XXXO--O- 0 0.31 7 5 0 0 6 0 0 8 -0.81 1 
O-XXOOX-X 1 -0.73 19 7 0.0 210 
XO-OXXX-O 2 0.0 24 7 -0.73 2 
XX-OX---O 2 -0.72 37 5 -0.81 3 6 -0.81 1 7 -0.81 1 
OX-XXO-OX 2 0.0 13 6 0 0 
XX--X-OO- 2 -0.73 1 3 -0.81 2 5 -0.81 1 8 0.81 3 
XXOXX-OO- 5 -0.73 2 8 0.73 1 
O--XXOXOX 1 -0.73 2 2 0.0 20 
-OX-X---- 0 -0.81 1 3 -0.6 3 5 -0.18 5 6 -0.03 29 7 -0.77 2 8 0 0 
OOXXX---- 5 -0.81 13 6 -0.81 2 7 -0.81 1 8 -0.81 1 
--O--X--X 0 0.73 1 1 0 0 3 0 0 4 0 0 6 0 0 7 0 0 
OXO--X--X 3 0.73 1 4 0 0 6 0 0 7 0 0 
OXOOXX--X 6 0.73 1 7 0 0 
-OX-X-OX- 0 -0.15 5 3 -0.24 3 5 -0.73 1 8 -0.05 15 
X-XOX---O 1 -0.59 11 5 -0.81 1 6 -0.81 1 7 -0.81 1 
-O--X---X 0 -0.45 9 2 -0.47 4 3 -0.9 2 5 -0.9 1 6 -0.9 1 7 -0.9 1 
-O--X-X-- 0 -0.78 28 2 -0.64 793 3 -0.75 13 5 -0.83 52 7 -0.81 20 8 -0.76 17 
XXO--XOOX 3 -0.73 1 4 0 0 
-O-OX-X-X 0 -0.81 6 2 -0.81 1 5 -0.81 1 7 -0.81 2 
XO--XOX-- 2 -0.04 2 3 0 0 7 0 0 8 0 0 
X-O-XXO-- 1 -0.81 4 3 -0.73 3 7 -0.71 15 8 -0.7 14 
XO-----X- 2 -0.73 1 3 -0.05 14 4 0.0 13 5 -0.36 2 6 0 0 8 -0.73 1 
XOO----XX 3 -0.81 1 4 0 0 5 -0.73 1 6 0 0 
XOOX-O-XX 4 -0.73 1 6 -0.73 1 
XO--X-XO- 2 -0.81 20 3 -0.81 2 5 -0.81 1 8 -0.81 2 
XO--X-X-O 2 -0.74 11 3 -0.81 1 5 -0.81 1 7 -0.81 1 
-O--X--X- 0 -0.16 5 2 -0.18 4 3 -0.73 1 5 0.0 3 6 0 0 8 0 0 
-XOXO-X-- 0 0.0 11 5 -0.81 1 7 -0.81 2 8 -0.81 1 
X---XXO-O 1 0.0 33 2 -0.73 1 3 0.0 3 7 0.81 19 
X----OX-- 1 -0.81 1 2 -0.73 1 3 0.77 2 4 0 0 7 0 0 8 0 0 
XOX--OX-- 3 -0.62 8 4 -0.81 1 7 -0.81 1 8 -0.81 1 
-X--XXO-O 0 -0.81 1 2 -0.73 1 3 0 0 7 0.81 3 
--X---XO- 0 -0.81 1 1 -0.02 4 3 -0.81 1 4 0.18 4 5 0 0 8 0 0 
OXX---XO- 3 -0.81 1 4 0.06 12 5 0.0 1 8 0 0 
XO-XXO--- 2 -0.81 1 6 -0.15 5 7 -0.73 1 8 -0.81 1 
--XOXO-X- 0 -0.81 2 1 -0.81 1 6 -0.73 1 8 0 0 
X-X-XO-O- 1 -0.75 13 3 -0.81 2 6 -0.81 2 8 -0.81 2 
--X-XOOX- 0 -0.27 3 1 0.0 8 3 0 0 8 0 0 
O-XXXOOX- 1 0.0 6 8 0 0 
X-X-XOO-- 1 -0.67 30 3 -0.81 1 7 -0.81 2 8 -0.81 2 
X-X-XO--O 1 -0.74 23 3 -0.81 1 6 -0.81 1 7 -0.81 2 
--XXXO--O 0 -0.75 29 1 -0.63 33 6 -0.02 764 7 -0.5 25 
X-XXXOO-O 1 0.0 27 7 0.73 3 
X---XX-OO 1 -0.73 1 2 -0.27 3 3 -0.73 1 6 0.81 7 
XOX-XX-OO 3 -0.73 1 6 0.73 7 
-O-XXOX-- 0 -0.04 2 2 0 0 7 0 0 8 0 0 
OO-XXOXX- 2 0.73 2 8 0 0 
X-----X-O 1 -0.81 1 2 -0.45 2 3 -0.77 2 4 -0.81 1 5 -0.44 13 7 -0.81 1 
XOX---X-O 3 -0.81 2 4 -0.71 79 5 -0.81 3 7 -0.81 4 
-O--XOX-X 0 -0.81 1 2 -0.81 1 3 -0.81 1 7 0 0 
XOXOO-X-X 5 0.73 5 7 0 0 
OO---XX-X 2 0.81 1 3 0 0 4 0 0 7 0 0 
---XX--O- 0 -0.11 48 1 -0.81 1 2 -0.81 2 5 -0.41 2 6 -0.9 3 8 -0.9 1 
--O-X---X 0 0.0 18 1 -0.9 1 3 -0.9 1 5 -0.9 1 6 -0.9 1 7 -0.9 2 
XXO-XXO-O 3 -0.73 2 7 0.73 2 
-OX-XO-X- 0 -0.81 1 3 0 0 6 0 0 8 0 0 
--XXO---- 0 0.03 71 1 0.06 27 5 -0.81 2 6 0.0 1 7 0 0 8 -0.81 1 
-X-XX-OO- 0 -0.81 2 2 -0.73 1 5 -0.73 1 8 0.81 7 
-XO-XX--O 0 -0.81 1 3 -0.03 22 6 -0.43 4 7 -0.32 5 
XX---XO-O 2 -0.73 1 3 -0.81 1 4 -0.81 1 7 0.81 6 
OXOXX-XO- 5 0.0 309 8 -0.73 23 
--X-X---O 0 -0.75 36 1 -0.37 92 3 -0.8 29 5 -0.85 26 6 -0.01 1162 7 -0.5 56 
OXX-X---O 3 -0.04 2 5 -0.81 1 6 0.73 1 7 0 0 
OXXOXX--O 6 0.73 5 7 -0.73 1 
O-XXX-OXO 1 -0.73 8 5 -0.73 1 
O-X-XX--O 1 -0.81 1 3 -0.81 2 6 -0.57 19 7 -0.55 6 
--XOXX--O 0 -0.3 3 1 -0.22 7 6 0.67 13 7 -0.41 4 
OXXX-O--- 4 0.08 9 6 0 0 7 0 0 8 0 0 
-X--X---O 0 -0.85 22 2 -0.52 44 3 -0.84 22 5 -0.62 27 6 -0.52 32 7 0.01 1111 
OX-OXXX-O 2 -0.73 7 7 -0.73 1 
XXO-X---O 3 -0.41 4 5 0.81 14 6 -0.81 1 7 0 0 
XX--X-O-O 2 -0.81 1 3 -0.81 1 5 -0.81 1 7 0.81 13 
XX--X--OO 2 0.33 29 3 0 0 5 -0.81 2 6 0.81 7 
----X--XO 0 -0.89 1064 1 -0.06 68644 2 -0.8 1011 3 -0.82 982 5 -0.82 1096 6 -0.81 1128 
XO--X--XO 2 -0.04 51 3 -0.05 101 5 0.01 924 6 -0.07 43 
XOOXX--XO 5 0.73 7 6 -0.73 1 
-XX-X--OO 0 0.0 2 3 -0.81 4 5 -0.81 1 6 0.81 31 
OXXXX--OO 5 -0.73 1 6 0.73 4 
-XOXX---O 0 -0.81 2 5 0.81 2 6 0 0 7 0 0 
XXOO--X-- 4 0.0 5 5 0.73 1 7 0.0 3 8 0.03 28 
-XO-X-X-O 0 -0.24 3 3 -0.43 4 5 0.81 23 7 0 0 
OXOXX-X-O 5 0.73 4 7 0 0 
-X-OXX--O 0 -0.77 2 2 -0.05 14 6 -0.02 4 7 0.05 29 
----X-X-O 0 -0.74 22 1 -0.81 12 2 -0.01 903 3 -0.81 17 5 -0.66 21 7 -0.58 31 
OX--X-X-O 2 0.0 2 3 0 0 5 -0.81 1 7 0 0 
O--XX-X-O 1 -0.81 1 2 -0.04 2 5 0.73 1 7 0 0 
X-O-XXXOO 1 -0.73 1 3 0.0 25 
---XX---O 0 -0.67 22 1 -0.59 22 2 -0.75 24 5 -0.02 928 6 -0.9 17 7 -0.46 27 
X-OXX---O 1 -0.81 1 5 0.81 7 6 0 0 7 0 0 
-X-XX--OO 0 -0.3 3 2 -0.3 3 5 0.73 18 6 0 0 
-X--XX-OO 0 -0.3 3 2 0 0 3 0.0 1 6 0.81 22 
OXX-XX-OO 3 0 0 6 0.73 5 
-X--X-XOO 0 -0.81 21 2 0.01 937 3 -0.66 27 5 -0.64 27 
OX-XX---O 2 -0.81 1 5 -0.73 1 6 -0.7 14 7 -0.73 1 
XXO-X-XOO 3 0.0 22 5 0.73 32 
-XO-XXXOO 0 -0.73 42 3 0.0 818 
XX-OX-XOO 2 0.0 5 5 0 0 
XX--XOXOO 2 0.73 4 3 0 0 
XXOOX-XO- 5 -0.73 3 8 0.0 53 
XO-XO---X 2 -0.81 1 5 -0.15 5 6 0.64 8 7 0 0 
-OX-X--XO 0 -0.8 16 3 -0.44 20 5 -0.75 27 6 -0.01 1117 
OXXO--X-- 4 0.73 3 5 -0.81 1 7 0 0 8 0 0 
-XOXX-XOO 0 -0.73 4 5 0.73 29 
-XXOX---O 0 -0.81 1 5 -0.81 1 6 0 0 7 0 0 
X-----OX- 1 -0.15 5 2 -0.15 5 3 -0.81 1 4 -0.18 4 5 -0.41 2 8 0.0 1 
X-OO-XX-- 1 -0.73 1 4 0.0 3 7 0 0 8 0 0 
XOOOXXX-- 7 -0.73 2 8 0.0 29 
XX--OXOOX 2 0.73 4 3 0 0 
XOXOX--XO 5 -0.73 4 6 0.0 41 
XXO-OX--- 3 0.05 46 6 0.81 16 7 0.0 5 8 0.0 3 
--OXX--XO 0 -0.81 4 1 -0.3 3 5 0.81 15 6 0.73 1 
X--OX--XO 1 -0.12 41 2 -0.81 4 5 -0.81 2 6 -0.81 1 
--XOX--XO 0 -0.81 1 1 -0.25 16 5 -0.73 2 6 -0.26 19 
-X--X-O-- 0 -0.9 2 2 -0.73 1 3 -0.9 2 5 -0.9 1 7 0.28 13 8 0 0 
X---XO-XO 1 -0.36 2 2 0.81 19 3 0 0 6 0 0 
XOX-XO-XO 3 -0.73 38 6 0.0 835 
X---X-OXO 1 -0.03 838 2 -0.81 13 3 -0.75 15 5 -0.77 21 
XX-OXXO-O 2 -0.73 1 7 0.73 4 
O-OXX-X-- 1 0.81 1 5 0 0 7 0 0 8 0.73 1 
O--XX--XO 1 -0.8 8 2 -0.81 1 5 -0.81 1 6 -0.8 14 
X-OOXX--- 1 0.0 2 6 0 0 7 0 0 8 0 0 
XO-XX-OXO 2 -0.73 41 5 0.0 811 
----X--OX 0 0.04 20 1 0 0 2 -0.81 1 3 -0.73 1 5 0 0 6 0 0 
OX--X--OX 2 0.0 3 3 0.05 28 5 0.0 2 6 0 0 
----O-X-X 0 -0.48 12 1 0.05 15 2 -0.71 10 3 -0.34 16 5 -0.06 14 7 0.06 284 
OX--O-X-X 2 0 0 3 0.73 1 5 0 0 7 0 0 
OXXOO-X-X 5 0.73 3 7 -0.73 1 
X-O-X-XO- 1 -0.77 2 3 -0.34 43 5 -0.62 8 8 -0.81 3 
XOO-XXXO- 3 -0.73 1 8 -0.73 1 
-XXXXOO-O 0 -0.73 1 7 0.73 15 
XXO-X-O-- 3 -0.73 2 5 -0.81 2 7 -0.53 11 8 -0.81 1 
X-O----X- 1 -0.81 1 3 0.24 3 4 0 0 5 0.73 1 6 0 0 8 0 0 
XXO--O-X- 3 -0.81 1 4 0.73 2 6 0 0 8 0.81 2 
-XX-X-O-O 0 -0.04 2 3 -0.81 2 5 -0.81 2 7 0.81 27 
---OXX-XO 0 -0.81 15 1 -0.03 618 2 -0.62 22 6 -0.26 41 
XO-OXX-XO 2 0.0 1529 6 0.0 71 
O-X-X--XO 1 -0.78 16 3 -0.81 1 5 -0.78 3 6 -0.81 2 
X--O---X- 1 -0.73 1 2 0.36 2 4 0 0 5 0 0 6 0 0 8 0 0 
XOXO---X- 4 -0.24 3 5 -0.73 1 6 -0.06 13 8 0.0 2 
XOXOOX-X- 6 -0.73 4 8 0.0 72 
---XX-OXO 0 -0.81 3 1 -0.31 39 2 -0.38 4 5 -0.81 1 
X---O--X- 1 -0.02 4 2 0.1 46 3 -0.01 9 5 -0.01 78 6 -0.51 3 8 -0.04 20 
XOX-O--X- 3 0.09 25 5 0.0 2 6 0 0 8 0 0 
OX-XOX--- 2 0 0 6 0 0 7 0.18 8 8 0 0 
O-O-X-XX- 1 0.81 6 3 0 0 5 0 0 8 0 0 
X-OXX-OXO 1 -0.73 2 5 0.73 2 
XO-XXO-XO 2 0.73 99 6 0.0 5 
X-O-X-X-O 1 -0.81 1 3 0.14 26 5 0 0 7 0 0 
OXXXOO-X- 6 0.0 13 8 0 0 
-OXXX-OXO 0 -0.73 46 5 0.0 1384 
X---OX--- 1 0.11 42 2 0 0 3 -0.81 2 6 0 0 7 0.0 3 8 0.0 2 
XOX-OX--- 3 -0.3 3 6 -0.12 14 7 0.81 17 8 0 0 
--X-X-OXO 0 -0.8 36 1 -0.01 951 3 -0.46 35 5 -0.73 32 
X-X-XOOXO 1 0.0 4 3 -0.73 1 
XX-XXOOO- 2 -0.73 1 8 0.73 2 
XXOOX-X-O 5 0.73 9 7 0 0 
-OX-O-X-X 0 -0.04 2 3 -0.04 2 5 -0.81 1 7 0.81 5 
X--XOXOOX 1 0.73 3 2 0 0 
--OXX---- 0 -0.54 17 1 -0.5 5 5 0.08 43 6 -0.52 16 7 -0.81 1 8 -0.56 5 
X-OO--X-X 1 -0.81 1 4 -0.81 1 5 -0.79 4 7 -0.75 15 
XXOO-OX-X 4 0 0 7 -0.73 1 
-X--OX--- 0 -0.0 20 2 -0.02 34 3 -0.27 3 6 -0.01 22 7 -0.41 2 8 -0.41 2 
OX-XOXXO- 2 0.0 8 8 0.73 3 
X-O-X--XO 1 0.0 1 3 0 0 5 0.81 33 6 0 0 
-O-XX--XO 0 -0.68 54 2 -0.64 44 5 0.01 1697 6 -0.53 64 
X-OOX-XXO 1 0.0 2 5 0.73 5 
-OXXXO-XO 0 -0.73 97 6 0.0 1480 
---XO---X 0 -0.18 4 1 0.0 6 2 -0.3 3 5 -0.05 15 6 0.02 56 7 -0.15 9 
X--XO--OX 1 0.81 1 2 0 0 5 0 0 6 0 0 
XOO-XX-XO 3 0.0 259 6 -0.73 18 
-O-XXOXXO 0 -0.73 4 2 0.73 60 
OXO-XXX-O 3 -0.73 8 7 -0.73 1 
-O--X-XXO 0 -0.71 32 2 0.69 1030 3 -0.6 42 5 -0.64 27 
XO--XOXXO 2 0.73 21 3 -0.73 3 
X---OXO-X 1 -0.81 1 2 0.81 1 3 0 0 7 0 0 
-OXXX---O 0 -0.81 2 5 -0.65 5 6 -0.58 10 7 -0.81 2 
-OXOXX-XO 0 -0.73 2316 6 0.0 53992 
X-XOXO-XO 1 -0.73 7 6 -0.73 1 
-O--XX-XO 0 -0.74 1227 2 -0.73 1307 3 -0.03 59520 6 -0.76 1306 
OOX-XX-XO 3 -0.73 38 6 -0.73 4 
XOO-X-XXO 3 0.0 52 5 0.73 939 
-OO-XXXXO 0 0.73 73 3 0.0 3 
-XX-----O 0 0.81 1 3 0 0 4 0 0 5 0 0 6 0 0 7 -0.33 3 
-XX---XOO 0 -0.04 2 3 -0.81 1 4 0 0 5 0 0 
OXXX--XOO 4 0.73 3 5 0 0 
-OOXX-XXO 0 0.73 48 5 0.73 4 
X-O-OX--X 1 0 0 3 0 0 6 0.81 3 7 0 0 
-X--O--X- 0 -0.04 2 2 -0.77 2 3 0 0 5 0 0 6 0.56 8 8 0.0 1 
OXX-O--X- 3 0.73 4 5 0 0 6 0 0 8 0 0 
OXXOO-XX- 5 0.73 4 8 0.73 1 
-XO-OX--X 0 0.09 24 3 0 0 6 0 0 7 0.0 1 
OXOXOX--X 6 0.73 10 7 0 0 
--X-O--X- 0 0.15 20 1 0.0 1 3 0.11 6 5 0.0 1 6 0 0 8 0 0 
OX--OX-X- 2 -0.73 1 3 0.44 5 6 0 0 8 0 0 
OXO-OX-XX 3 -0.73 1 6 0.73 5 
---XOX--- 0 0.0 2 1 -0.77 2 2 0.0 2 6 0.61 27 7 0.04 2 8 0 0 
O-XXOX--- 1 -0.81 1 6 -0.04 8 7 0.73 1 8 0.81 9 
--OXOX--X 0 0.73 10 1 0 0 6 0 0 7 0 0 
-X-OX--OX 0 0.0 15 2 -0.73 1 5 -0.81 1 6 -0.81 1 
OXXOX--OX 5 -0.73 6 6 0.73 8 
O-O-X-X-X 1 0 0 3 0 0 5 0 0 7 0.24 3 
O-OXX-XOX 1 0.73 2 5 0 0 
X-X-X-O-O 1 0.1 15 3 -0.81 3 5 -0.81 2 7 0.81 34 
X--XXO--O 1 -0.22 4 2 0.81 26 6 0 0 7 0 0 
---XO--X- 0 -0.0 20 1 0.0 9 2 0 0 5 0.0 1 6 0 0 8 0.0 1 
OX-XO--X- 2 0.73 3 5 0 0 6 0 0 8 0 0 
----OX-X- 0 -0.03 47 1 -0.02 14 2 -0.36 20 3 -0.01 12 6 0.04 500 8 0.01 15 
X--OOX-X- 1 -0.36 2 2 0.73 1 6 0 0 8 0 0 
X-XXXOOO- 1 -0.73 1 8 0.73 2 
XXO-XOXO- 3 -0.73 1 8 0.73 3 
-X-XXO--O 0 0 0 2 0.81 16 6 0 0 7 0.49 6 
XX-XXO-OO 2 0.73 2 6 0 0 
XO-XOX--- 2 -0.81 1 6 0.73 7 7 0 0 8 0 0 
----XXO-- 0 -0.81 1 1 -0.39 16 2 -0.81 2 3 -0.03 25 7 -0.4 7 8 -0.9 1 
OOXX-OX-X 4 -0.73 8 7 -0.73 5 
----O--XX 0 -0.35 13 1 -0.12 14 2 -0.38 19 3 -0.63 21 5 -0.09 42 6 0.05 566 
X--OO--XX 1 0.73 1 2 0 0 5 0 0 6 0 0 
XOXOO--XX 5 0.73 7 6 0 0 
-XOXXO--- 0 -0.09 9 6 -0.81 1 7 0.06 24 8 0.81 1 
-X-OO--XX 0 0.73 1 2 -0.73 1 5 0 0 6 0 0 
-XOOOX-XX 0 -0.73 1 6 0.73 1 
X--XX--OO 1 -0.27 3 2 -0.04 2 5 0.73 2 6 0 0 
XOXXX--OO 5 -0.73 1 6 0.73 4 
---OX-XXO 0 -0.81 2 1 -0.68 7 2 -0.67 27 5 -0.73 1 
X---XOX-O 1 -0.81 1 2 0.81 2 3 0 0 7 0 0 
X---X-XOO 1 -0.81 2 2 -0.58 17 3 -0.58 7 5 -0.59 7 
X-XOO--X- 1 0.0 8 5 0 0 6 0 0 8 0 0 
XXO-XX-OO 3 0.0 17 6 0.73 21 
O--XX---- 1 -0.49 5 2 -0.9 4 5 -0.06 80 6 -0.41 2 7 -0.28 11 8 -0.81 3 
OO-XX---X 2 0.81 1 5 0 0 6 0 0 7 0 0 
XXO---O-X 3 -0.81 1 4 0.81 5 5 0 0 7 0 0 
X-OOXX-XO 1 0.0 17 6 -0.73 1 
---XXO-XO 0 -0.81 1 1 -0.09 8 2 0.81 20 6 0 0 
X------XO 1 -0.12 83 2 -0.2 4 3 -0.27 3 4 -0.34 5 5 -0.39 6 6 -0.81 3 
XOX----XO 3 -0.1 7 4 -0.36 2 5 -0.36 2 6 0.0 16 
--XXXOOXO 0 -0.73 35 1 0.0 700 
OX--O--XX 2 -0.04 2 3 0 0 5 0.0 1 6 0 0 
-O-XX-X-O 0 -0.81 15 2 -0.81 1 5 -0.81 1 7 -0.81 1 
X-XXXO-OO 1 -0.73 1 6 0.73 3 
-XXXXO-OO 0 -0.73 1 6 0.73 5 
X-XOO---X 1 -0.81 1 5 0 0 6 0 0 7 -0.81 1 
OX-XXOX-O 2 0.73 2 7 0 0 
-X-XXOXOO 0 -0.73 1 2 0.73 21 
-X--XOX-O 0 -0.04 2 2 0.81 3 3 0 0 7 0 0 
----O-XX- 0 -0.02 4 1 -0.15 5 2 -0.27 3 3 -0.9 2 5 -0.01 6 8 0.15 47 
OX--O-XX- 2 0.73 1 3 0 0 5 0 0 8 0 0 
OX-XX-XOO 2 -0.73 1 5 -0.73 1 
X--XXO-O- 1 -0.73 1 2 -0.81 1 6 0.73 2 8 0 0 
X--O-X--- 1 -0.81 1 2 -0.81 1 4 -0.27 3 6 -0.81 1 7 0.0 4 8 0 0 
XOXO-X--- 4 -0.81 1 6 -0.81 1 7 -0.73 2 8 0.0 6 
O-X-O--XX 1 -0.81 1 3 -0.81 2 5 -0.36 2 6 0.06 26 
X-X-X--OO 1 -0.04 2 3 -0.81 1 5 -0.81 1 6 0.81 3 
X-OXOX--- 1 -0.81 1 6 0.81 6 7 0 0 8 0 0 
XXO--X--O 3 0.0 3 4 0 0 6 0 0 7 0.18 4 
XO--O--XX 2 -0.73 1 3 -0.73 1 5 -0.24 3 6 0.0 9 
XOOXO--XX 5 -0.73 1 6 0.73 1 
-X-OXXXOO 0 -0.73 2 2 0.0 20 
X-O-O--XX 1 -0.04 4 3 0.73 1 5 0 0 6 0 0 
-X-OX---- 0 -0.89 16 2 -0.82 73 5 -0.85 39 6 -0.71 30 7 -0.7 670 8 -0.9 12 
--XOXXOXO 0 0.73 6 1 0 0 
X-OO-X--X 1 -0.81 1 4 0 0 6 0 0 7 0 0 
X-XOXX-OO 1 -0.73 2 6 0.73 3 
X-XXOXOO- 1 0.73 1 8 0 0 
X-X-OO--X 1 0 0 3 0.81 4 6 0 0 7 0 0 
X-OX-XO-- 1 -0.81 1 4 0 0 7 0 0 8 -0.04 2 
XXOX-XO-O 4 0 0 7 0.73 2 
O-XXO--X- 1 -0.31 7 5 0.0 4 6 0 0 8 0.81 12 
-XX-OO--X 0 0.36 2 3 0 0 6 0 0 7 0 0 
--XXX--OO 0 -0.81 1 1 -0.04 2 5 -0.04 2 6 0.81 6 
X--OXXOXO 1 0.0 76 2 -0.73 3 
OX-OXX--- 2 -0.73 1 6 0.81 4 7 0 0 8 0 0 
--OXX-X-O 0 -0.81 2 1 -0.81 2 5 0.81 17 7 0 0 
OXX-OOX-X 3 0.73 11 7 0.0 1 
X-XOX-OXO 1 0.0 20 5 -0.73 4 
XX-OXOXO- 2 -0.73 5 8 -0.73 2 
O-X-OX-X- 1 -0.04 4 3 -0.19 5 6 -0.81 1 8 0.81 3 
OXO-XX-OX 3 0.0 14 6 -0.73 2 
X-OXXOOX- 1 -0.73 1 8 0.73 2 
XO--XXOXO 2 -0.73 8 3 0.0 134 
XO-X-XO-- 2 -0.81 1 4 0.73 1 7 0 0 8 0 0 
X--O-XO-X 1 -0.81 1 2 0.73 1 4 0 0 7 0 0 
X--XOXO-- 1 0.69 18 2 0 0 7 0 0 8 0 0 
XO-XOXOX- 2 0.73 6 8 0 0 
---XOXOX- 0 0.73 2 1 0.73 1 2 0.81 5 8 0 0 
OX-XOXOX- 2 0.73 2 8 0 0 
XX-X--O-O 2 0.73 3 4 0 0 5 0 0 7 0 0 
XXOXX-O-O 5 0.73 4 7 0 0 
X-XOXXO-O 1 0.0 13 7 0.73 33 
XXO--OX-- 3 -0.73 1 4 -0.04 2 7 -0.81 1 8 0.81 1 
X--O-XOX- 1 0.0 2 2 0 0 4 0 0 8 0 0 
XX-O-XO-- 2 0.73 1 4 0 0 7 0 0 8 0 0 
XXOO-XOX- 4 0.73 1 8 0 0 
XOXXO-O-X 5 0.0 10 7 0.73 18 
XXOOOX-X- 6 0.73 9 8 0 0 
XX--OXO-- 2 0.81 3 3 0 0 7 -0.81 1 8 -0.81 1 
X-XX--O-O 1 0.24 6 4 0 0 5 0 0 7 0 0 
-XO--X--- 0 -0.21 8 3 -0.04 18 4 0.24 19 6 0 0 7 0 0 8 0.0 1 
OXOX-X--- 4 0.24 6 6 0 0 7 0.0 1 8 0 0 
OXOX-XXO- 4 0.0 2 8 0 0 
XXOX--OXO 4 0.73 1 5 0 0 
OXOXOXX-- 7 0.0 11 8 0.73 3 
X-X-OXO-- 1 -0.3 41 3 -0.81 2 7 -0.81 2 8 -0.81 1 
XO-XOXO-X 2 0.73 2 7 0.73 2 
XX--O-O-X 2 0.81 1 3 0 0 5 0 0 7 0 0 
O--XOX-X- 1 0.73 3 2 0 0 6 0 0 8 0 0 
XXO---OX- 3 -0.81 1 4 0.81 3 5 0 0 8 0 0 
-X-XX-O-O 0 -0.81 1 2 -0.04 2 5 0.73 2 7 0 0 
-X-XOXO-- 0 0 0 2 0 0 7 0 0 8 0.73 2 
XX-XOXO-O 2 0.73 3 7 0 0 
OO-XX-XXO 2 0.73 7 5 0 0 
O-O-X--XX 1 0.81 1 3 0 0 5 0 0 6 0 0 
O-X---OXX 1 -0.73 1 3 0.81 3 4 0 0 5 0 0 
OOXX--OXX 4 -0.73 1 5 0.0 3 
X--XX-O-O 1 0.22 3 2 -0.04 2 5 0.36 2 7 0.81 11 
O-X-O-X-X 1 -0.81 3 3 -0.3 3 5 -0.26 25 7 -0.21 7 
-XOX-X--O 0 -0.73 1 4 0.73 1 6 0 0 7 0 0 
OXOX-X-XO 4 0.73 2 6 -0.73 1 
O-O-XXX-- 1 0.81 1 3 0 0 7 0 0 8 0 0 
XO--O-X-X 2 -0.81 1 3 -0.77 2 5 -0.81 1 7 0.81 6 
OXX---O-X 3 0.81 3 4 0 0 5 0 0 7 0 0 
XOX-XOOX- 3 -0.73 3 8 0.0 26 
X-O-O-X-X 1 -0.81 2 3 -0.24 3 5 0 0 7 0.0 1 
--XXX-O-O 0 -0.73 1 1 -0.61 4 5 -0.09 8 7 0.81 23 
---XO-X-- 0 0.17 21 1 -0.09 2 2 0 0 5 -0.9 1 7 0 0 8 0 0 
OX-XO-X-- 2 0.36 4 5 0 0 7 0 0 8 0 0 
-X-XO--OX 0 -0.07 11 2 -0.73 1 5 -0.73 1 6 -0.73 1 
OXXXO--OX 5 0.0 39 6 -0.73 3 
X--OO-X-X 1 -0.04 4 2 -0.16 5 5 0.81 16 7 0.0 1 
OO-XX-X-- 2 0.81 1 5 0 0 7 0 0 8 0 0 
XOX--XOXO 3 0.0 13 4 0.0 2 
XX-OO---X 2 0.73 1 5 0 0 6 0 0 7 0 0 
XXOOO-X-X 5 0.73 9 7 0 0 
-XXOXXO-O 0 0.73 4 7 0.73 1 
XX-XXOO-O 2 0 0 7 0.73 4 
X---O-XOX 1 0.81 8 2 0.0 1 3 0 0 5 0 0 
XO-OOXX-X 2 -0.73 1 7 0.73 10 
XX-XO-OOX 2 0 0 5 -0.73 1 
-OX-XXOXO 0 -0.73 2 3 0.0 74 
-X--O-XOX 0 -0.12 6 2 -0.04 19 3 -0.09 8 5 0.01 210 
OXX-O-XOX 3 -0.73 25 5 0.0 449 
--O-XX-XO 0 -0.81 1 1 -0.66 16 3 -0.81 2 6 -0.81 1 
-X-OO-X-X 0 -0.73 1 2 -0.16 5 5 0 0 7 0 0 
OX-OOXX-X 2 -0.73 2 7 -0.73 1 
XXO-O-XOX 3 0.0 302 5 -0.73 13 
--O-XXX-O 0 -0.71 16 1 -0.19 112 3 -0.03 663 7 -0.03 24 
--X-XX-OO 0 -0.3 3 1 -0.81 1 3 -0.04 2 6 0.81 4 
--O-XX--- 0 -0.54 3 1 -0.81 1 3 -0.41 2 6 -0.81 1 7 -0.85 2 8 -0.12 26 
OXO-XX--- 3 -0.61 4 6 -0.81 2 7 -0.81 1 8 -0.81 1 
X-OOX-X-- 1 -0.81 2 5 -0.81 5 7 -0.31 5 8 0.06 35 
OX-XO---X 2 -0.73 1 5 0.0 7 6 0 0 7 0 0 
----X-XO- 0 -0.17 32 1 -0.81 5 2 -0.3 65 3 -0.81 1 5 -0.79 4 8 -0.86 7 
OX--X-XO- 2 -0.04 301 3 -0.72 9 5 -0.81 8 8 -0.81 6 
X-OXO---X 1 -0.81 1 5 -0.04 2 6 0.81 1 7 0 0 
--XOO--XX 0 -0.81 1 1 0 0 5 0.81 1 6 0 0 
X-O-OXX-- 1 -0.81 1 3 -0.04 19 7 0.0 1 8 0 0 
X---OO-XX 1 0.0 17 2 0 0 3 0 0 6 0 0 
XOX-OO-XX 3 0.73 3 6 0 0 
X-O---X-- 1 -0.9 2 3 -0.26 73 4 -0.85 2 5 -0.49 4 7 -0.81 1 8 -0.9 1 
OXO--XX-- 3 -0.36 2 4 -0.73 1 7 0 0 8 0 0 
--O---XX- 0 0.31 7 1 -0.81 2 3 0 0 4 0 0 5 0 0 8 0 0 
OXO---XX- 3 0 0 4 0 0 5 0.73 1 8 0 0 
OXOX-OXX- 4 0 0 8 0.73 1 
XOO-XX--- 3 0.0 3 6 -0.81 1 7 -0.81 1 8 0 0 
-O-OXXXXO 0 -0.73 92 2 0.0 2157 
O-X-O-XX- 1 -0.73 1 3 0.73 3 5 0 0 8 0 0 
OOXXO-XX- 5 -0.73 1 8 0.73 5 
XO-OX-XXO 2 0.0 115 5 -0.73 14 
XOO-XXX-O 3 0.0 79 7 -0.73 7 
--X-O-XOX 0 0.0 2 1 0.81 13 3 0.73 2 5 0 0 
--X-OX--- 0 -0.69 16 1 -0.3 74 3 -0.6 15 6 -0.81 15 7 -0.68 12 8 0.04 1008 
X-X--OO-X 1 -0.57 41 3 -0.81 3 4 -0.81 2 7 -0.81 1 
XOXX-OO-X 4 0.0 22 7 -0.73 2 
XX-OXX-OO 2 0.0 11 6 0.73 4 
--OX--X-- 0 0.24 3 1 0 0 4 0 0 5 0 0 7 0 0 8 0 0 
--XXOXO-- 0 0.73 1 1 0 0 7 0 0 8 0 0 
-XOXO---X 0 0.42 7 5 0 0 6 0 0 7 0 0 
OX-OX---X 2 0.0 1 5 -0.73 1 6 0 0 7 0.12 6 
-X--OO-XX 0 0.0 3 2 0 0 3 0 0 6 0 0 
OXX-OO-XX 3 0.73 3 6 0.0 1 
XO-XOO-XX 2 -0.73 3 6 0.0 34 
OO-XOXXX- 2 0.73 4 8 0 0 
OX-XXOXO- 2 0.0 45 8 -0.73 2 
XXOXOO--X 6 0.73 4 7 0 0 
XX-X-OO-- 2 0.73 1 4 0 0 7 0 0 8 0 0 
OXX--X-O- 3 -0.24 3 4 -0.04 4 6 0 0 8 0.73 5 
OXXOXX-O- 6 0.73 14 8 0 0 
O--XO-XX- 1 0.34 4 2 0 0 5 0 0 8 0 0 
----X-OX- 0 -0.89 8 1 -0.19 441 2 -0.75 4 3 -0.41 53 5 -0.65 24 8 -0.9 18 
X---XOOX- 1 -0.12 6 2 -0.81 1 3 -0.73 1 8 -0.81 1 
O---X-XXO 1 -0.66 21 2 -0.81 1 3 -0.81 3 5 -0.81 3 
--X-OO-XX 0 -0.01 12 1 -0.15 5 3 0.81 2 6 0.0 1 
---XOXO-X 0 -0.73 1 1 -0.04 2 2 0.81 20 7 0.0 2 
O--XOXOXX 1 -0.73 1 2 0.73 1 
--XXXOO-- 0 -0.15 5 1 0.0 13 7 0 0 8 0 0 
X--X-XO-O 1 -0.04 2 2 -0.81 2 4 0.12 6 7 0.81 2 
X-OO--XX- 1 -0.41 2 4 -0.73 1 5 -0.04 4 8 0.0 10 
X---OOXX- 1 0.73 1 2 0 0 3 0.81 2 8 0.73 1 
XOX-OOXX- 3 0.73 2 8 -0.73 1 
----OXX-- 0 -0.07 13 1 -0.01 10 2 -0.04 20 3 -0.41 2 7 0.73 14 8 0.0 2 
OX--OXX-- 2 0.15 5 3 0 0 7 0 0 8 0.81 1 
XXOXO--OX 5 -0.73 2 6 0.73 2 
OXO-OXX-X 3 -0.73 3 7 0.0 42 
OXXXO-XO- 5 0.0 18 8 0.73 23 
O-X-OXX-- 1 -0.04 4 3 -0.73 1 7 -0.73 1 8 0.81 8 
--X-XO-XO 0 -0.81 2 1 -0.81 1 3 -0.73 6 6 -0.73 21 
OX-OOXXX- 2 -0.73 1 8 0.73 3 
O---XXX-O 1 -0.81 1 2 -0.77 2 3 -0.76 3 7 -0.73 11 
-XX-OXO-- 0 -0.37 7 3 -0.81 1 7 -0.81 1 8 -0.81 1 
XO--X-OX- 2 -0.73 5 3 -0.36 4 5 -0.15 10 8 -0.04 49 
XOOXX-OX- 5 -0.73 24 8 -0.73 1 
O---OXXX- 1 -0.28 6 2 -0.81 3 3 -0.04 4 8 0.81 12 
OOX-OXXX- 3 -0.73 1 8 0.73 4 
---XOO-XX 0 -0.73 1 1 -0.08 9 2 -0.73 1 6 0.08 18 
OX-XOO-XX 2 -0.73 3 6 0.0 9 
X-OOXXX-O 1 0.0 101 7 0.0 11 
X------OX 1 -0.09 2 2 -0.81 1 3 -0.81 1 4 0.73 1 5 0 0 6 0 0 
XO---X-OX 2 0.73 1 3 0 0 4 0 0 6 0 0 
XOOX-X-OX 4 0.73 2 6 0 0 
X--XOO--X 1 0.06 12 2 0 0 6 0 0 7 0 0 
O-OX--XX- 1 0.81 2 4 0 0 5 0 0 8 0 0 
O--XO--XX 1 -0.73 2 2 -0.3 3 5 -0.08 9 6 -0.73 1 
OOXXO--XX 5 -0.73 7 6 -0.73 2 
X-O-XXOXO 1 -0.73 1 3 0 0 
-OXX--O-X 0 -0.81 1 4 -0.24 3 5 0.0 3 7 0 0 
O-XXOO-XX 1 -0.73 1 6 0.0 22 
X--OXOXXO 1 -0.73 1 2 0.73 1 
OXX-O-OXX 3 0.73 3 5 0 0 
O---XX-XO 1 -0.77 2 2 -0.81 3 3 -0.81 2 6 -0.73 20 
-OX-XXO-- 0 0.73 1 3 0 0 7 0 0 8 0 0 
OOX-XXOX- 3 0.73 1 8 0 0 
OX--XX-O- 2 -0.81 1 3 0.0 16 6 0 0 8 -0.81 2 
-XX-XOO-- 0 -0.73 545 3 -0.81 18 7 -0.75 66 8 -0.81 13 
-OX-XX--O 0 -0.81 1 3 -0.31 18 6 -0.3 12 7 -0.3 3 
-XXOXX-OO 0 -0.73 1 6 0.73 2 
O-XO-XX-- 1 -0.81 2 4 0.73 3 7 0 0 8 0 0 
OX-O--XX- 2 -0.81 1 4 0.73 1 5 0 0 8 0 0 
XX--OOXOX 2 -0.73 1 3 0.73 13 
X-O-X-OX- 1 -0.73 5 3 -0.81 1 5 -0.81 1 8 -0.81 2 
OXO-X-XOX 3 0.0 13 5 0.0 1 
--X-XXO-O 0 -0.81 1 1 -0.77 2 3 0.64 26 7 0.81 6 
X--OX-OX- 1 -0.52 50 2 -0.81 2 5 -0.81 2 8 -0.81 1 
O-X-X---- 1 -0.81 1 3 -0.2 5 5 -0.85 2 6 0.08 34 7 -0.41 4 8 -0.3 3 
XXOO---X- 4 0.73 3 5 0 0 6 0 0 8 0 0 
-O-XX---- 0 -0.81 1 2 -0.81 2 5 -0.28 8 6 -0.41 4 7 -0.81 1 8 -0.81 1 
-X-XOO--X 0 0.0 1 2 0 0 6 0 0 7 0 0 
O-XXO-X-- 1 0.0 2 5 0.1 21 7 0 0 8 0 0 
X-OX---OX 1 -0.81 1 4 0 0 5 0 0 6 0 0 
XOX--OOXX 3 -0.73 4 4 0.0 15 
X-XO--O-X 1 -0.81 3 4 -0.81 1 5 -0.81 1 7 -0.81 1 
XOX--X-O- 3 -0.73 1 4 0.81 3 6 0 0 8 0 0 
--X-O-OXX 0 -0.05 14 1 -0.21 62 3 -0.6 15 5 0.05 424 
O-XXO-OXX 1 -0.73 3 5 0.0 42 
-XX---OOX 0 0.0 1 3 0 0 4 0 0 5 0 0 
X--X---O- 1 0.5 5 2 0 0 4 0 0 5 0 0 6 0 0 8 0 0 
-OXXO-OXX 0 -0.73 1 5 0.0 24 
--X-XOO-X 0 0.0 14 1 0 0 3 0 0 7 0 0 
O-X-XOOXX 1 0.0 2 3 0 0 
XOX---XO- 3 0 0 4 0.81 6 5 0 0 8 0 0 
XOXX-O-OX 4 0.73 5 6 0 0 
-XX----O- 0 0.06 92 3 -0.84 3 4 -0.9 2 5 -0.45 2 6 -0.36 3 8 -0.21 5 
-OX----X- 0 -0.24 3 3 0.0 2 4 0 0 5 0 0 6 0 0 8 0.0 1 
OOXXXO-X- 6 0.0 13 8 -0.73 1 
XOX-OXX-O 3 0.0 19 7 0.73 21 
-OXX-O--X 0 -0.73 4 4 -0.0 45 6 -0.18 4 7 -0.24 9 
X---O-OXX 1 0.18 4 2 0 0 3 0.36 4 5 0.73 9 
--XOO-X-X 0 -0.73 1 1 -0.04 2 5 0.81 1 7 0 0 
-OXXOO-XX 0 -0.73 4 6 0.0 46 
-OXXOOX-X 0 -0.73 1 7 0.73 4 
-OX-X-O-X 0 0.0 1 3 0 0 5 0 0 7 0 0 
-OXX---OX 0 -0.73 1 4 0.81 1 5 0 0 6 0 0 
OOXXX--OX 5 -0.73 7 6 -0.73 1 
-OXXXO-OX 0 -0.73 5 6 -0.73 1 
-OX-X--OX 0 -0.73 3 3 -0.81 1 5 -0.81 1 6 -0.81 1 
O-XX----- 1 -0.61 12 4 -0.06 141 5 -0.0 46 6 -0.05 63 7 -0.21 11 8 -0.81 9 
X-XOX--O- 1 -0.73 1 5 -0.81 2 6 -0.81 1 8 0 0 
--XXOO--X 0 -0.73 1 1 0.0 6 6 0 0 7 0.73 1 
-OX--X--- 0 -0.81 1 3 -0.81 1 4 -0.81 1 6 -0.81 3 7 -0.81 2 8 0.02 24 
-OX-XX-O- 0 -0.81 1 3 -0.73 1 6 0 0 8 -0.81 2 
O-X---XOX 1 0.73 1 3 0 0 4 0 0 5 0 0 
OOXX--XOX 4 0.73 2 5 0 0 
OXX----OX 3 0.0 2 4 -0.73 1 5 0.0 7 6 0 0 
XOX--X--O 3 -0.05 16 4 0.1 14 6 0.0 2 7 0 0 
XOXO-XX-O 4 0.0 25 7 -0.73 4 
-XOOOXX-X 0 -0.73 3 7 0.0 29 
-OXX-X--O 0 -0.73 1 4 0.73 2 6 0.73 1 7 0 0 
OOXX-X-XO 4 0.73 2 6 -0.73 2 
-OX--X-XO 0 0.73 1 3 0 0 4 0 0 6 0 0 
-OXO-X-X- 0 0.73 1 4 0 0 6 0 0 8 0 0 
X-OXOO-XX 1 -0.73 2 6 0 0 
-OXXOXX-O 0 0.73 1 7 0 0 
-OXX----- 0 -0.81 1 4 -0.14 6 5 -0.77 2 6 -0.03 3 7 -0.81 1 8 0.08 9 
--XO---X- 0 0.0 2 1 0.24 3 4 0 0 5 0 0 6 0 0 8 0 0 
O-XOX--X- 1 -0.81 1 5 -0.81 1 6 0.81 1 8 0 0 
-XOX----- 0 -0.01 8 4 0.05 14 5 0 0 6 0 0 7 -0.81 1 8 0 0 
--OX----X 0 -0.73 1 1 0.81 1 4 0 0 5 0 0 6 0 0 7 0 0 
X--OX-XO- 1 -0.81 1 2 -0.81 1 5 -0.73 1 8 0 0 
X--XOOOXX 1 0.0 10 2 0.73 4 
XXO-OXXO- 3 0.0 26 8 -0.73 1 
--OXXO--X 0 0.0 7 1 -0.81 1 6 0 0 7 0 0 
X---XOXO- 1 -0.81 1 2 -0.81 1 3 -0.73 2 8 -0.81 1 
-OX-XO--X 0 -0.56 82 3 -0.81 5 6 -0.81 3 7 -0.81 3 
----XOOXX 0 -0.41 2 1 0 0 2 0 0 3 0 0 
O--XXOOXX 1 0.0 4 2 0 0 
-XO-X---- 0 -0.9 3 3 -0.84 11 5 -0.24 10 6 -0.9 2 7 -0.05 235 8 -0.9 4 
X-X-OX-O- 1 0.81 3 3 0 0 6 0 0 8 0 0 
-OXX--OX- 0 0.0 1 4 0 0 5 0 0 8 0 0 
-X-X---O- 0 0.73 1 2 0 0 4 0 0 5 0 0 6 0 0 8 0 0 
X---OOX-X 1 -0.81 1 2 -0.04 2 3 0.81 5 7 0.73 1 
-OX---XOX 0 -0.81 1 3 0 0 4 0 0 5 -0.73 1 
-OX--O-XX 0 -0.73 1 3 -0.44 5 4 0.09 8 6 0 0 
OOXX-O-XX 4 -0.73 1 6 0.0 2 
XOXO-O-XX 4 0.73 2 6 0 0 
-OXOXO-XX 0 -0.73 3 6 -0.73 1 
-OX--OX-X 0 -0.73 1 3 -0.04 2 4 -0.04 4 7 0.0 2 
XOXO-OX-X 4 0.73 2 7 0 0 
-X---X-O- 0 -0.24 3 2 -0.24 3 3 -0.16 5 4 -0.01 6 6 0 0 8 0 0 
OX---X-OX 2 0.0 1 3 0 0 4 0 0 6 0 0 
OXOX-X-OX 4 0.0 7 6 -0.73 3 
-OXXO-X-- 0 0.73 3 5 0 0 7 0 0 8 0 0 
OX-OXXXO- 2 0.0 21 8 -0.73 3 
XOX--OXOX 3 -0.73 1 4 0.73 2 
-OXXX-O-- 0 -0.81 1 5 0 0 7 0 0 8 0 0 
-OXXX--O- 0 -0.81 1 5 -0.73 1 6 -0.73 1 8 -0.81 1 
OX-OXX-OX 2 0.0 1 6 0.73 16 
-XXX---OO 0 0.73 1 4 0 0 5 0 0 6 0 0 
--XO-X--- 0 0.73 1 1 0 0 4 0 0 6 0 0 7 0 0 8 0 0 
O-XX--OX- 1 -0.18 4 4 0.73 1 5 0.0 1 8 0 0 
-X---OX-- 0 -0.81 1 2 -0.81 1 3 -0.81 1 4 -0.02 5 7 0 0 8 0 0 
XXO--X-O- 3 0.0 5 4 0 0 6 0 0 8 -0.73 1 
--XO----X 0 0.73 1 1 0 0 4 0 0 5 0 0 6 0 0 7 0 0 
O-X-X-O-X 1 -0.81 1 3 0.81 4 5 0 0 7 0 0 
XOXX-X-OO 4 0.73 3 6 0 0 
X-XXO--O- 1 0.81 1 5 0 0 6 0 0 8 0 0 
--X-XXOO- 0 -0.04 2 1 0.73 1 3 0 0 8 0 0 
--XXO-O-X 0 -0.54 3 1 -0.07 24 5 -0.05 15 7 -0.24 3 
---X--X-O 0 -0.04 2 1 0 0 2 0 0 4 0 0 5 0 0 7 0 0 
OX-X--X-O 2 0.73 1 4 0 0 5 0 0 7 0 0 
-XXXOXOO- 0 -0.73 1 8 0 0 
OXXX-OO-X 4 0.0 102 7 0.0 10 
O-X--OX-X 1 -0.73 1 3 0.0 2 4 0.21 7 7 0.0 1 
OXXO-X--- 4 -0.3 3 6 0.81 14 7 0 0 8 0.73 1 
O-XXO-XOX 1 0.73 5 5 0 0 
OXXO-OX-X 4 0.73 2 7 -0.73 1 
O-XOX---X 1 -0.81 1 5 -0.04 2 6 0.81 2 7 0 0 
OXXO-O-XX 4 0.73 2 6 0 0 
X-XO-OX-- 1 -0.81 1 4 0.81 1 7 0 0 8 0 0 
XXOX-X-OO 4 -0.73 1 6 0.73 2 
O-X---X-- 1 -0.9 2 3 -0.04 2 4 -0.01 21 5 -0.15 5 7 -0.9 1 8 0.81 1 
O-X--O-XX 1 0.0 2 3 0 0 4 0 0 6 0 0 
O-XOXX--- 1 -0.81 1 6 0.81 3 7 0 0 8 0 0 
OXXX-O-OX 4 0.0 23 6 0.0 2 
O-XXXOO-X 1 0.0 31 7 0.0 1 
O-XX-OOXX 1 0.0 11 4 0 0 
X-X-OOX-- 1 -0.81 1 3 0.81 3 7 -0.81 1 8 0 0 
X-OOOXX-X 1 -0.73 7 7 0.0 67 
OXX-X--O- 3 -0.3 3 5 -0.41 2 6 0.68 16 8 0.73 1 
X----X--O 1 -0.16 10 2 -0.1 9 3 -0.14 6 4 -0.27 3 6 -0.73 1 7 0.04 31 
-XXX-O-O- 0 0.0 1 4 0 0 6 0 0 8 0 0 
-OXX--X-O 0 -0.81 1 4 0 0 5 0 0 7 0 0 
O-XXX--O- 1 -0.81 1 5 -0.06 12 6 -0.81 1 8 -0.43 4 
-----X-XO 0 0.24 3 1 0 0 2 0 0 3 0 0 4 0 0 6 0 0 
OX---X-XO 2 0.73 1 3 0 0 4 0 0 6 0 0 
X-X--OXO- 1 -0.81 1 3 0 0 4 0 0 8 0 0 
O-XXOOXX- 1 -0.73 1 8 0.73 5 
X-X--OX-O 1 -0.81 1 3 -0.64 9 4 -0.81 1 7 -0.81 1 
O-X-X-OX- 1 0.0 1 3 0 0 5 0 0 8 0 0 
O-XXX-O-- 1 -0.81 1 5 -0.04 61 7 -0.81 2 8 -0.75 4 
-XXOX-O-- 0 0.81 4 5 0 0 7 -0.81 1 8 0 0 
O-XX-O-X- 1 0.0 1 4 0 0 6 0 0 8 0 0 
XX-XOO-OX 2 -0.73 1 6 -0.73 1 
O-XX-OX-- 1 -0.81 1 4 0.1 7 7 0 0 8 0 0 
X-XX-O--O 1 -0.08 10 4 -0.81 1 6 0 0 7 0 0 
O-XX---OX 1 -0.73 2 4 -0.81 1 5 0.0 5 6 0 0 
O-XXXO-OX 1 -0.73 1 6 0.0 14 
--XOXXO-- 0 0.81 4 1 0 0 7 0 0 8 0.73 1 
--XOX-O-X 0 0.81 1 1 0 0 5 0 0 7 0 0 
OXXXO-OX- 5 0.0 4 8 0.73 4 
-OXO---XX 0 0.73 1 4 0 0 5 0 0 6 0 0 
--X----XO 0 -0.81 1 1 0.0 2 3 0 0 4 0 0 5 0 0 6 0 0 
OXX----XO 3 -0.81 1 4 0 0 5 0 0 6 0.73 1 
--X-X--O- 0 -0.03 3 1 -0.81 2 3 -0.81 1 5 -0.73 3 6 0.81 11 8 -0.9 1 
X-XXO---O 1 -0.81 1 5 -0.81 2 6 -0.81 1 7 -0.81 1 
XXO-OOX-X 3 0.73 3 7 0 0 
-OXXX-OOX 0 -0.73 1 5 -0.73 1 
O-X-XXOXO 1 -0.73 1 3 0.73 2 
-O--XOXX- 0 -0.81 1 2 0 0 3 0 0 8 0 0 
X--XO-O-X 1 0.55 8 2 0 0 5 0 0 7 0 0 
XO-OXXOX- 2 -0.73 3 8 0.0 22 
XXO-O-X-- 3 0.06 26 5 -0.81 1 7 0 0 8 0 0 
---OX-X-- 0 -0.81 1 1 -0.81 1 2 0.06 10 5 -0.81 1 7 -0.51 3 8 -0.81 1 
---OXXX-O 0 -0.77 6 1 -0.07 11 2 -0.02 127 7 -0.38 4 
O-XXXO-XO 1 -0.73 1 6 -0.73 1 
XXO-X--O- 3 -0.81 1 5 -0.81 1 6 -0.81 1 8 0.73 10 
--XXOOOXX 0 0.0 362 1 0.0 13 
-XXOO-XOX 0 -0.73 1 5 0.73 2 
-X-XOX-O- 0 -0.15 5 2 0.36 2 6 0 0 8 -0.73 1 
XX-XOX-OO 2 -0.73 1 6 0.73 2 
XXO-OOXX- 3 0.73 3 8 0 0 
--OXX-XO- 0 0.09 8 1 -0.81 1 5 0 0 8 0 0 
X--OXXXOO 1 -0.73 2 2 0.0 5 
XX-OOX--- 2 0.0 4 6 -0.81 1 7 -0.81 1 8 0 0 
XO---XX-O 2 -0.81 3 3 -0.08 26 4 -0.41 10 7 -0.73 1 
-O--OX-XX 0 -0.81 1 2 0.22 3 3 0 0 6 0 0 
O-X-XXO-- 1 -0.81 1 3 0.81 4 7 0 0 8 0 0 
-X-XOOOXX 0 0.0 4 2 0 0 
--OOXX-X- 0 -0.81 1 1 0.1 7 6 0 0 8 0 0 
---OXX--- 0 -0.13 5 1 0.0 9 2 0 0 6 0.0 1 7 -0.81 1 8 -0.73 1 
OXO-XXXO- 3 0.0 22 8 0 0 
XX-O-X-O- 2 0.0 8 4 0 0 6 -0.81 1 8 0 0 
X-O-XX-O- 1 -0.81 2 3 0.0 3 6 0 0 8 0 0 
-X-OX-X-O 0 -0.81 1 2 -0.81 1 5 0 0 7 0 0 
-X----X-O 0 -0.81 1 2 0.18 8 3 0 0 4 0 0 5 0 0 7 0 0 
OXX---X-O 3 -0.81 1 4 0.81 1 5 0 0 7 0 0 
-XO-X-XO- 0 0 0 3 0.0 1 5 0.18 8 8 -0.73 1 
X-XXOXO-O 1 0.0 16 7 0 0 
OXXO-XXO- 4 -0.73 2 8 -0.73 1 
OXX--X--O 3 -0.73 1 4 0.81 2 6 0 0 7 0 0 
--O-X-XOX 0 0.36 2 1 0 0 3 0 0 5 0 0 
O-XOOXXX- 1 -0.73 2 8 0.73 5 
XXOO-X-XO 4 0.0 1 6 0 0 
OXX-OXXO- 3 -0.73 1 8 0.73 16 
-XO-X--OX 0 -0.05 14 3 -0.2 8 5 -0.81 1 6 -0.81 1 
----XOXXO 0 -0.81 1 1 -0.81 1 2 0.81 14 3 0.73 1 
OO--XXXXO 2 0.73 52 3 -0.73 3 
X-O--XX-O 1 0 0 3 0.0 1 4 0 0 7 0 0 
XXOO-XX-O 4 0.0 37 7 0.0 2 
-X-XO-O-X 0 0 0 2 0.81 4 5 0 0 7 0 0 
-X---X--O 0 0.16 5 2 0 0 3 0 0 4 0 0 6 0 0 7 0 0 
OX-OX-XOX 2 0.0 44 5 0 0 
---XXOOX- 0 -0.81 1 1 0.0 3 2 0 0 8 0 0 
-XO-OXXOX 0 0.0 328 3 0.0 13 
X--XOXOXO 1 0.0 1 2 0 0 
---XO-OXX 0 0.2 11 1 0.73 1 2 0.81 3 5 0 0 
OX-XO-OXX 2 0.73 2 5 0.0 2 
--X--X--O 0 -0.27 3 1 -0.81 1 3 0.0 5 4 0 0 6 0 0 7 0 0 
---X-X--O 0 0.19 3 1 0 0 2 0 0 4 0 0 6 0 0 7 0 0 
OX-X-X--O 2 -0.04 2 4 0.81 1 6 0 0 7 0 0 
O-XX-X--O 1 -0.04 2 4 0.81 1 6 0 0 7 0 0 
--O-X-XXO 0 -0.81 2 1 0.73 36 3 -0.81 1 5 0 0 
-XOXX--O- 0 -0.81 1 5 0.24 6 6 0 0 8 0 0 
OX---O-XX 2 -0.73 1 3 0.73 1 4 0.0 1 6 0 0 
----OXXOX 0 -0.01 7 1 0.81 5 2 0 0 3 0 0 
OX--OXXOX 2 0.0 5 3 0 0 
-XOOX-X-- 0 -0.81 1 5 -0.04 2 7 0.0 10 8 0 0 
X-O-OX-X- 1 -0.24 3 3 0.04 33 6 0 0 8 0 0 
-XX-OOXOX 0 0 0 3 0.73 11 
OXX-OOXX- 3 0.73 3 8 0 0 
O-XXXO--- 1 -0.81 1 6 0.0 34 7 0.0 2 8 -0.73 1 
O-X--X-XO 1 -0.73 1 3 0.73 1 4 0 0 6 0 0 
-X-XOOXOX 0 0.0 166 2 -0.73 20 
---X-OX-- 0 0.0 1 1 0 0 2 0 0 4 0 0 7 0 0 8 0 0 
OX-X-OX-- 2 0.0 1 4 0 0 7 0 0 8 0 0 
---OOX-XX 0 -0.73 1 1 -0.73 1 2 -0.73 1 6 0.73 1 
OX-OOX-XX 2 -0.73 1 6 0.73 3 
O--OX-X-X 1 -0.81 1 2 0.0 1 5 0 0 7 0 0 
---OX--X- 0 -0.9 1 1 -0.51 3 2 -0.43 12 5 -0.9 1 6 -0.41 8 8 -0.9 1 
---OXXOX- 0 0.81 2 1 0 0 2 0 0 8 0 0 
XO-XXOOX- 2 -0.73 16 8 0.0 237 
X-OOOX-XX 1 -0.73 1 6 0.73 1 
X-O---XOX 1 -0.81 1 3 0 0 4 0 0 5 0 0 
-X--OOXX- 0 0.24 3 2 0 0 3 0 0 8 0 0 
X--OXOX-- 1 -0.81 1 2 -0.81 1 7 0 0 8 0 0 
X-OOXXXO- 1 -0.73 3 8 0.0 31 
-XO-XX-O- 0 -0.81 9 3 -0.02 185 6 -0.04 4 8 -0.81 7 
-XOOXXXO- 0 0.0 12 8 0 0 
XX-O-O-X- 2 -0.81 1 4 0 0 6 0 0 8 0 0 
-X--XXOO- 0 -0.81 2 2 -0.04 2 3 0.52 7 8 0 0 
XX---OO-X 2 0.73 1 3 0 0 4 0 0 7 0 0 
XXOX-OO-X 4 0.73 2 7 0 0 
X-XOO-XOX 1 0.73 1 5 0 0 
---XO-XOX 0 0.18 12 1 0.81 1 2 -0.81 1 5 0 0 
OX-XO-XOX 2 0.0 8 5 0.0 1 
---XXOX-O 0 -0.81 1 1 -0.81 1 2 0.81 18 7 0 0 
O-O--XXX- 1 0.81 1 3 0 0 4 0 0 8 0 0 
O-O-XXXOX 1 0.73 2 3 0 0 
-OO-X-XX- 0 0.81 15 3 0 0 5 0.73 1 8 0.49 3 
XX--OO-X- 2 0.73 3 3 0 0 6 0 0 8 -0.81 1 
XO--OXOXX 2 0.73 6 3 0 0 
-X--O-OXX 0 0 0 2 0.81 12 3 0 0 5 0.73 1 
XXOO-XO-X 4 0.73 1 7 0 0 
OOX---X-X 3 -0.81 1 4 -0.81 1 5 0 0 7 0 0 
XX--O-OX- 2 0.81 2 3 0 0 5 0 0 8 0 0 
XX-X-O--O 2 0.81 1 4 0 0 6 0 0 7 0 0 
XX--XOO-- 2 -0.81 1 3 -0.81 1 7 -0.81 1 8 0 0 
O--XOXXOX 1 0.73 2 2 0 0 
-----XX-O 0 -0.73 2 1 -0.15 6 2 -0.73 1 3 -0.36 2 4 0.05 17 7 -0.2 4 
OX---XX-O 2 -0.73 1 3 -0.73 1 4 0.81 1 7 0 0 
X-OX--OX- 1 -0.73 1 4 0.81 2 5 0 0 8 0 0 
-O--XXX-O 0 0.73 1 2 0 0 3 0 0 7 0 0 
X--X--OXO 1 0.0 9 2 0 0 4 0.0 1 5 0.05 14 
X--XOX-O- 1 0.81 2 2 0 0 6 0 0 8 0 0 
X-OX-X--O 1 -0.81 1 4 -0.04 2 6 0 0 7 0 0 
XO-XO-OXX 2 0.73 5 5 0.0 1 
XO--OXX-- 2 -0.81 1 3 0.73 1 7 0.81 4 8 -0.81 1 
XO--XX-O- 2 -0.81 2 3 -0.73 1 6 -0.81 1 8 -0.68 12 
XX-O-OX-- 2 0.73 1 4 0 0 7 -0.81 1 8 0 0 
XO---X-XO 2 -0.73 1 3 0.0 8 4 0 0 6 0 0 
XOOX-X-XO 4 -0.73 1 6 0 0 
XOXO-X-XO 4 0.0 9 6 0 0 
XX-O-X--O 2 0.0 5 4 -0.81 1 6 0 0 7 0 0 
XOX--XXOO 3 -0.73 1 4 0.73 2 
XX---X-OO 2 -0.08 9 3 -0.03 3 4 -0.81 1 6 0.81 2 
XXO--XXOO 3 0.0 15 4 -0.73 2 
XO-O-XXXO 2 0.0 5 4 0.0 1 
XO----XOX 2 -0.81 1 3 0.73 1 4 0 0 5 -0.04 2 
XO-X-X--O 2 -0.81 3 4 -0.55 6 6 -0.81 1 7 -0.55 6 
XOXX-O-XO 4 -0.73 2 6 0.0 4 
XO--OX-X- 2 -0.73 4 3 -0.08 9 6 0.03 97 8 -0.18 4 
XOO-OXXX- 3 -0.73 16 8 -0.73 1 
XOX-OX-XO 3 0.0 857 6 0.0 22 
XO--OXXXO 2 -0.73 2 3 0.0 9 
XX-O--X-O 2 0.0 1 4 0 0 5 0 0 7 0 0 
XOO-OXX-X 3 -0.73 1 7 0.73 5 
XX---OOX- 2 -0.04 2 3 0 0 4 0 0 8 0 0 
XXOX-OOX- 4 0.73 2 8 0 0 
XO---XXO- 2 0 0 3 0.73 1 4 0 0 8 0 0 
XOXO-XXO- 4 0.73 1 8 0 0 
X----XOXO 1 -0.24 3 2 -0.73 1 3 -0.73 1 4 0.07 11 
XOO-OX-XX 3 -0.73 1 6 0.73 3 
XO-O-XX-- 2 0.0 2 4 0 0 7 0 0 8 0 0 
XO-XX--O- 2 -0.81 1 5 -0.73 4 6 -0.81 1 8 -0.81 1 
XOXXOO-X- 6 0.0 39 8 -0.73 1 
XO-X-XOXO 2 -0.73 1 4 0 0 
XO-O--XX- 2 -0.41 2 4 0 0 5 0 0 8 0 0 
XX-XO---O 2 -0.81 1 5 -0.81 1 6 -0.43 12 7 -0.81 2 
X-X-OX--O 1 0.03 915 3 -0.67 17 6 -0.81 12 7 -0.68 12 
-XX--OO-X 0 0.0 1 3 0 0 4 0 0 7 0 0 
X---OXX-O 1 -0.81 2 2 -0.24 3 3 0.0 14 7 0 0 
XX-X-OOXO 2 0.73 2 4 0 0 
XO----XXO 2 -0.81 2 3 -0.1 64 4 -0.24 3 5 -0.73 3 
XOX--OXXO 3 -0.73 1 4 -0.73 1 
XXO----XO 3 -0.81 1 4 0.0 8 5 0 0 6 0 0 
XX-O---XO 2 -0.81 1 4 0.0 2 5 0 0 6 0 0 
X---O-XXO 1 0.0 33 2 0.0 3 3 0.0 3 5 -0.04 2 
XOX-O-XXO 3 0.0 39 5 -0.73 2 
XX--O--XO 2 0.36 2 3 0 0 5 0 0 6 0 0 
XXOXO--XO 5 0.73 1 6 0 0 
XXO--XOXO 3 -0.73 1 4 0 0 
XX---O-XO 2 0.81 1 3 0 0 4 0 0 6 0 0 
X--X-O--- 1 -0.81 1 2 -0.04 2 4 -0.81 1 6 -0.81 1 7 -0.04 2 8 -0.9 1 
XX-O-XOXO 2 -0.73 1 4 0 0 
X-XX-OOXO 1 0.0 11 4 -0.73 1 
X--O-OX-X 1 0.73 1 2 0 0 4 0 0 7 0 0 
X-X--O-XO 1 -0.36 2 3 -0.81 1 4 -0.81 1 6 -0.81 2 
XX----OXO 2 -0.81 1 3 -0.81 1 4 -0.81 1 5 0 0 
XOXO--XXO 4 0.0 48 5 -0.73 9 
XX-OOX-XO 2 0.0 3 6 -0.73 1 
-XO-OX-X- 0 0.73 1 3 0 0 6 0.81 3 8 0 0 
X-X--X-OO 1 0.73 3 3 0 0 4 0 0 6 0 0 
XXO---X-O 3 0.06 12 4 0 0 5 0 0 7 0 0 
XXO-OX-XO 3 0.0 9 6 0 0 
XO-X---XO 2 0.73 1 4 0 0 5 0 0 6 0 0 
X-XO--X-O 1 -0.81 1 4 0 0 5 -0.73 1 7 0 0 
XX--O-X-O 2 -0.81 1 3 -0.81 1 5 -0.3 3 7 -0.81 1 
XX---OX-O 2 0.81 1 3 0 0 4 0 0 7 0 0 
X----XXOO 1 -0.04 2 2 -0.14 6 3 0.0 1 4 0 0 
XX-O-XXOO 2 0.0 2 4 0 0 
--OXOX-X- 0 0.73 1 1 0 0 6 0 0 8 0 0 
--O-OXXX- 0 -0.81 1 1 -0.73 11 3 -0.73 1 8 -0.36 2 
XX--OX--O 2 0.36 2 3 0 0 6 -0.81 1 7 0 0 
XXO-O--X- 3 0.73 1 5 0 0 6 0.81 1 8 0 0 
XXOOO-XX- 5 0.73 6 8 0 0 
XXO-OXX-O 3 0.0 14 7 -0.73 2 
XX-OO-X-- 2 0.05 14 5 0.81 25 7 0.0 1 8 0 0 
XX--OOX-- 2 -0.81 1 3 0.81 4 7 0 0 8 0 0 
X--OO-XX- 1 0.18 4 2 0.21 7 5 0.81 15 8 0 0 
X-XOO-X-- 1 0.73 7 5 0.81 35 7 -0.81 1 8 -0.81 1 
XXOOO--XX 5 0 0 6 0.73 4 
X--OOXX-- 1 0.0 376 2 -0.05 45 7 0.01 912 8 -0.1 52 
XO-OOXXX- 2 -0.73 16 8 0.0 352 
XX-OOXX-O 2 0.0 51 7 -0.73 7 
X-X-O-XO- 1 0.81 8 3 0 0 5 -0.81 1 8 0 0 
-XOXXOXO- 0 0.0 3 8 0.73 3 
XX--O-XO- 2 -0.81 1 3 -0.81 1 5 -0.81 1 8 -0.81 26 
XX-OOXXO- 2 0.0 804 8 -0.73 46 
XX--O--OX 2 0.0 3 3 0 0 5 0 0 6 0 0 
XX-OO-XOX 2 0.0 4 5 0 0 
X-XOO-OXX 1 -0.73 2 5 0.73 2 
X-OXO--X- 1 -0.81 1 5 -0.04 2 6 0.81 4 8 0 0 
XXOXOO-X- 6 0.73 5 8 0 0 
XX-OO--X- 2 0.73 2 5 0 0 6 0 0 8 -0.81 1 
X-XOOXXO- 1 0.73 36 8 0 0 
X-XXOOO-X 1 0.0 15 7 -0.73 1 
-XO-----X 0 -0.14 16 3 -0.38 9 4 -0.01 385 5 -0.34 13 6 -0.41 9 7 -0.12 27 
OXOX--XOX 4 0.0 6 5 0 0 
X--OOXXOX 1 0.73 25 2 0.0 2 
X-XO----- 1 -0.61 8 4 -0.9 1 5 -0.9 2 6 -0.9 1 7 -0.9 1 8 -0.9 1 
X-OOOXXX- 1 -0.73 2 8 0.0 42 
X-O-OXXXO 1 -0.73 1 3 0.0 2 
XO-OOX-XX 2 -0.73 1 6 -0.73 1 
X--XO-OX- 1 0.04 20 2 0 0 5 0 0 8 0.0 2 
XX--OOXXO 2 0.73 2 3 0 0 
X-XOOXX-O 1 0.0 15 7 0 0 
XX--OXXOO 2 -0.73 1 3 0 0 
X-X-OO-X- 1 0.09 8 3 0 0 6 0 0 8 -0.73 1 
XO-O--X-X 2 -0.81 1 4 -0.04 2 5 0 0 7 0 0 
X--X-X-OO 1 -0.81 1 2 -0.04 2 4 -0.04 4 6 0.81 1 
XXO----OX 3 -0.81 1 4 0 0 5 0 0 6 0.73 1 
X--OOXXXO 1 0.0 3 2 0 0 
-XO---X-- 0 -0.1 7 3 0.02 32 4 -0.81 2 5 0 0 7 0.0 1 8 0.0 1 
XX-O---OX 2 -0.81 1 4 -0.27 3 5 0 0 6 0 0 
XXOO-OXX- 4 0 0 8 0.73 2 
-X----O-X 0 0.81 1 2 0.0 2 3 0 0 4 0 0 5 0 0 7 0 0 
XXO-O-XXO 3 0.0 3 5 0 0 
X-XXOX-OO 1 0.73 2 6 0 0 
-X-XOXOOX 0 -0.73 2 2 0 0 
-X-O--X-- 0 -0.81 1 2 0.0 4 4 0 0 5 0 0 7 0 0 8 0 0 
XO--O-XX- 2 -0.81 1 3 -0.15 5 5 0 0 8 0 0 
-XO-O-X-X 0 -0.12 6 3 -0.14 41 5 -0.73 3 7 -0.03 311 
OXOXO-X-X 5 -0.73 1 7 0.0 15 
X-X-OOOXX 1 0.0 10 3 0.73 19 
X-X-OOXXO 1 -0.73 1 3 0.73 1 
X-X-O--OX 1 0.81 4 3 0 0 5 0 0 6 0 0 
XX-XOO--- 2 -0.81 6 6 -0.81 1 7 -0.77 2 8 -0.81 2 
XOXO--OXX 4 -0.73 1 5 0 0 
X--XOO-X- 1 -0.24 3 2 -0.77 2 6 -0.01 59 8 -0.24 3 
XX-XO-O-- 2 0.81 10 5 0 0 7 -0.81 1 8 0 0 
O-----X-X 1 0.81 1 2 0 0 3 0 0 4 0 0 5 0 0 7 0 0 
XXOO--XXO 4 0.0 11 5 0 0 
--O---X-X 0 0.0 6 1 0 0 3 0 0 4 0 0 5 -0.81 1 7 0 0 
OXO---X-X 3 0.0 7 4 0 0 5 0 0 7 0 0 
-X--X--O- 0 -0.08 10 2 -0.27 3 3 -0.81 2 5 -0.81 1 6 0 0 8 0 0 
X-O--OX-X 1 -0.81 1 3 0 0 4 0 0 7 0 0 
--OOXXXXO 0 -0.73 29 1 0.0 676 
-XOOXX--- 0 -0.81 1 6 -0.73 1 7 -0.07 11 8 -0.36 2 
OXOX-O-XX 4 -0.73 1 6 -0.73 1 
--O-OXX-X 0 -0.8 8 1 -0.57 13 3 -0.28 26 7 0.02 354 
-OO-XXX-- 0 0.81 13 3 0 0 7 0 0 8 0 0 
OXXX-XO-O 4 0.73 4 7 0 0 
XX--OXOXO 2 0.73 3 3 0 0 
X-XXOO-OX 1 0.73 1 6 0 0 
X-X-OXOXO 1 0.0 400 3 -0.73 24 
--OXO--XX 0 0.73 1 1 0 0 5 0 0 6 0 0 
O-OXOX-XX 1 0.73 4 6 0 0 
--O-OX-XX 0 -0.19 5 1 0 0 3 0 0 6 0.81 9 
-XOOXXX-O 0 -0.73 1 7 0.0 43 
--OXX--OX 0 0 0 1 -0.81 1 5 0 0 6 0 0 
--X-OOX-X 0 -0.24 3 1 -0.81 1 3 0.81 3 7 0 0 
XX--OO--X 2 0.73 2 3 0 0 6 0 0 7 0 0 
XOO---XX- 3 -0.81 1 4 -0.81 1 5 0 0 8 0 0 
---OXXXO- 0 -0.27 9 1 -0.77 4 2 -0.05 27 8 -0.38 4 
O----X--X 1 -0.9 1 2 0.81 1 3 0 0 4 0 0 6 0 0 7 0 0 
-O--XX--- 0 -0.81 1 2 -0.2 4 3 0.08 9 6 -0.41 2 7 0 0 8 0 0 
--O-XXXO- 0 0.0 1 1 0 0 3 0 0 8 0 0 
XX-XO-OXO 2 0.73 3 5 0 0 
---X-XO-- 0 -0.81 1 1 -0.9 1 2 -0.81 1 4 0.81 3 7 0 0 8 0 0 
OX-X-XO-- 2 -0.81 1 4 0 0 7 0 0 8 0 0 
OX----OXX 2 0.73 1 3 0 0 4 0 0 5 0 0 
OXOX--OXX 4 0.73 2 5 0 0 
X-XOXOOX- 1 -0.73 2 8 -0.73 1 
OX-O-X--X 2 -0.73 1 4 -0.81 2 6 0 0 7 0 0 
OXOO-XX-X 4 -0.73 1 7 0 0 
XX-O--O-X 2 -0.81 1 4 -0.81 1 5 -0.81 1 7 0 0 
XO-OX--X- 2 -0.73 1 5 -0.73 1 6 -0.41 2 8 0 0 
X-OO-XXXO 1 0.0 1 4 0 0 
X-XO-OXXO 1 -0.73 1 4 0.73 1 
X-XOOX--- 1 -0.61 12 6 -0.81 1 7 -0.81 2 8 -0.81 1 
-O--X-OXX 0 0.73 4 2 0 0 3 0 0 5 0 0 
OOX-X-OXX 3 0.73 3 5 0 0 
O--X--X-- 1 -0.81 1 2 0.81 1 4 0 0 5 0 0 7 0 0 8 0 0 
-XO--XX-O 0 -0.73 1 3 0 0 4 0 0 7 0 0 
OXXO-XX-O 4 0 0 7 -0.73 1 
X-XXO-OXO 1 0.0 1 5 -0.73 1 
X--O-XX-O 1 -0.36 2 2 0 0 4 0 0 7 0 0 
-X-O----X 0 -0.81 1 2 0.73 1 4 0 0 5 0 0 6 0 0 7 0 0 
XX--OOOXX 2 0.73 7 3 0 0 
--X-OXX-O 0 0.81 16 1 0 0 3 0 0 7 0 0 
X----OOXX 1 0.0 1 2 0 0 3 0 0 4 0 0 
X--X-O-OX 1 0.73 1 2 0 0 4 0 0 6 0 0 
----OXXXO 0 0.81 2 1 0 0 2 0.0 1 3 0 0 
-X--OOX-X 0 -0.02 5 2 0.0 2 3 0 0 7 0 0 
---OX---X 0 0.01 8 1 0 0 2 0 0 5 0 0 6 -0.9 1 7 0 0 
O---XXOX- 1 -0.81 1 2 0 0 3 0 0 8 0 0 
-OXO--X-X 0 -0.81 1 4 0 0 5 0 0 7 0 0 
-OOXX-X-- 0 0.81 9 5 -0.81 1 7 -0.81 1 8 -0.81 1 
XXOO--XOX 4 0.0 1 5 -0.73 1 
-O--XXOX- 0 -0.81 1 2 -0.73 1 3 -0.06 12 8 -0.81 1 
-XOOXX-OX 0 0.0 7 6 0 0 
-OO-X-X-X 0 0.81 16 3 0 0 5 0 0 7 0 0 
OX--XXXOO 2 -0.73 10 3 -0.73 1 
-----OXX- 0 -0.04 2 1 0 0 2 0 0 3 0 0 4 0 0 8 0 0 
OX---OXX- 2 -0.81 1 3 0.73 1 4 0 0 8 0 0 
-X--OXOX- 0 0.73 15 2 0 0 3 0 0 8 0 0 
OXX-OXOX- 3 0.73 17 8 0 0 
-XXOO-X-- 0 0.73 2 5 0 0 7 0 0 8 0 0 
-XOXOX--- 0 0.0 1 6 0 0 7 0 0 8 0.73 4 
----X-O-X 0 0.15 11 1 0 0 2 0 0 3 -0.9 1 5 0 0 7 -0.73 1 
XXOO----X 4 0.73 1 5 0 0 6 0 0 7 0 0 
-XO-OXX-- 0 -0.07 11 3 -0.73 1 7 -0.05 16 8 -0.08 9 
---XX-OOX 0 -0.73 1 1 -0.81 1 2 -0.81 1 5 0 0 
-OO-X--XX 0 0.81 4 3 0 0 5 0 0 6 0 0 
--X-OXOX- 0 -0.3 6 1 -0.1 7 3 -0.49 12 8 0.0 434 
--X-O-X-- 0 -0.42 19 1 -0.01 55 3 -0.09 18 5 -0.04 21 7 -0.01 546 8 -0.81 8 
OX--X-O-X 2 0 0 3 0.81 1 5 0 0 7 0 0 
----OXOXX 0 -0.04 2 1 -0.04 2 2 0.81 19 3 0 0 
OX--OXOXX 2 0.73 2 3 0 0 
X---OX-XO 1 -0.1 7 2 -0.73 1 3 -0.36 2 6 0.0 4 
-OXXOXOX- 0 -0.73 1 8 0.0 29 
-OX-OXX-- 0 -0.81 2 3 0.12 18 7 0.81 6 8 0 0 
X-X--OOX- 1 0.0 6 3 0 0 4 -0.81 1 8 0 0 
-O-X---X- 0 0.0 1 2 0 0 4 0 0 5 0 0 6 0 0 8 0 0 
-XXOOXOX- 0 0.73 3 8 0 0 
-XOXOXX-O 0 0.73 1 7 0 0 
-XOOX-XOX 0 0.0 6 5 -0.73 1 
X-XOOXOX- 1 -0.73 10 8 -0.73 1 
OXO-OXXX- 3 -0.73 1 8 0.73 1 
-X-X-O-OX 0 0.0 7 2 0 0 4 0 0 6 0 0 
XXO---XO- 3 0.0 1 4 -0.81 1 5 0 0 8 0 0 
--XX-OX-O 0 0.73 1 1 0 0 4 0 0 7 0 0 
OXXX-OX-O 4 0.73 1 7 0 0 
-O-XXO-X- 0 0.0 1 2 0 0 6 0 0 8 0 0 
-X-O---X- 0 0.73 1 2 0 0 4 0 0 5 0 0 6 0 0 8 0 0 
OXX--OXOX 3 -0.73 1 4 0.0 1 
O--XOXX-- 1 0.73 1 2 0 0 7 0.73 1 8 0 0 
-X-OOXXOX 0 -0.73 1 2 0.0 3 
X-OX--O-X 1 -0.81 1 4 0.81 1 5 0 0 7 0 0 
-OOXOXX-X 0 0.73 1 7 0 0 
OX-XOOXX- 2 -0.73 2 8 0.73 1 
-O-XX-OX- 0 -0.73 68 2 -0.73 9 5 -0.04 255 8 -0.81 12 
--X-OOXX- 0 0.73 1 1 0 0 3 0 0 8 0 0 
-XXOO-OXX 0 0.73 1 5 0 0 
O--XO-X-X 1 0.73 2 2 0 0 5 0 0 7 0 0 
--XOOXX-- 0 -0.27 3 1 -0.36 4 7 -0.81 1 8 0.0 9 
O---XXXO- 1 -0.04 4 2 0.0 6 3 -0.81 1 8 0 0 
OO--XXXOX 2 0.73 3 3 0 0 
-XOOX---X 0 0.0 1 5 0 0 6 0 0 7 0 0 
-XOO---XX 0 -0.81 1 4 -0.81 1 5 -0.3 3 6 -0.3 3 
-XX-OXOXO 0 0.73 15 3 0 0 
-OXOOXXX- 0 -0.73 2 8 0.0 24 
O-O-XXXXO 1 0.73 1 3 0 0 
O--OXXX-- 1 -0.81 2 2 0.03 23 7 -0.73 1 8 -0.81 2 
O--XX-XO- 1 -0.81 1 2 0.0 7 5 0 0 8 0 0 
-XOXOOX-X 0 -0.73 4 7 -0.73 1 
-X-OOX-X- 0 0.73 1 2 0 0 6 0 0 8 0 0 
O---OX-XX 1 -0.81 1 2 -0.81 2 3 -0.53 11 6 -0.81 3 
-XX-O-XO- 0 -0.0 483 3 -0.81 6 5 -0.81 12 8 -0.67 11 
---XOOXX- 0 -0.73 1 1 -0.81 1 2 0 0 8 0 0 
---X--OX- 0 -0.81 1 1 -0.73 1 2 0.81 1 4 0 0 5 0 0 8 0 0 
OX-X--OX- 2 -0.81 1 4 0 0 5 0 0 8 0 0 
-XOXOX-XO 0 0 0 6 0.73 2 
-XOX-O--X 0 -0.27 8 4 -0.73 1 6 -0.73 2 7 -0.73 1 
OXOX-OX-X 4 -0.73 2 7 0.0 4 
-XX-OOOXX 0 0.0 12 3 0.73 12 
XX-OO-OXX 2 0.73 1 5 0 0 
---X--XO- 0 0.18 8 1 0 0 2 0 0 4 -0.9 1 5 0 0 8 0 0 
OX-X--XO- 2 0.0 5 4 0 0 5 0.0 1 8 0.73 1 
--XOOX-X- 0 -0.81 1 1 -0.41 2 6 -0.73 1 8 0.0 4 
----XX-O- 0 -0.66 90 1 -0.81 11 2 -0.78 30 3 -0.65 574 6 -0.66 25 8 -0.71 18 
X--OOXOXX 1 -0.73 1 2 0.73 2 
X-XO-O--X 1 0.73 1 4 0 0 6 0 0 7 0 0 
-XOX--X-O 0 0.73 1 4 0 0 5 0 0 7 0 0 
OXOX-XX-O 4 0.73 1 7 0 0 
O---XX-OX 1 -0.81 4 2 -0.06 13 3 -0.81 1 6 -0.3 3 
XX-O--OX- 2 -0.81 1 4 0 0 5 0 0 8 0 0 
X--OXX-O- 1 -0.73 1 2 0.0 3 6 0.0 2 8 0.29 5 
-XX-OOX-- 0 0.73 3 3 0 0 7 0 0 8 0 0 
O--XX-O-X 1 0.0 9 2 0 0 5 0 0 7 0 0 
----XXOXO 0 -0.81 2 1 -0.72 19 2 -0.81 1 3 -0.81 1 
--XXOOX-- 0 -0.1 14 1 -0.81 1 7 -0.81 1 8 -0.81 1 
-OOXX---X 0 0.81 1 5 0 0 6 0 0 7 0 0 
--OX---X- 0 0.81 1 1 0 0 4 0 0 5 -0.73 1 6 0 0 8 0 0 
--OX-O-XX 0 -0.73 1 1 0 0 4 0 0 6 0 0 
O-OXX--X- 1 0.81 1 5 0 0 6 0 0 8 0 0 
XO-OXX--- 2 0.0 16 6 0 0 7 0 0 8 0 0 
XXO-OO-XX 3 0.73 3 6 0 0 
-XO----X- 0 -0.9 2 3 -0.09 2 4 -0.81 1 5 -0.03 6 6 -0.02 4 8 0.0 5 
--OXO-X-X 0 0 0 1 0 0 5 -0.81 1 7 0 0 
O---X-XOX 1 0.73 1 2 0 0 3 0 0 5 0 0 
O-XO-X-X- 1 -0.73 1 4 0.73 1 6 0 0 8 0 0 
OOXO-XXX- 4 -0.73 1 8 -0.73 1 
-XO---XOX 0 0.0 3 3 0 0 4 0 0 5 0 0 
OO-XOXX-X 2 0.73 1 7 0 0 
OO-XX-OXX 2 0.73 2 5 0 0 
---XOOX-X 0 -0.36 2 1 -0.81 1 2 -0.81 1 7 -0.81 1 
OX-XOOX-X 2 -0.73 1 7 0.0 4 
-O-XOX-X- 0 -0.73 1 2 0 0 6 0 0 8 0 0 
OO-XOX-XX 2 0.73 1 6 -0.73 1 
X-O-O-XX- 1 -0.81 1 3 0.15 5 5 0 0 8 0 0 
-OX-O--XX 0 -0.81 1 3 -0.04 2 5 0.0 7 6 -0.81 1 
-XOX---OX 0 -0.24 3 4 0.18 4 5 0 0 6 0 0 
-XOOOXXX- 0 -0.73 1 8 0 0 
-XOX--O-X 0 0.73 1 4 0 0 5 0 0 7 0 0 
OXOX-XO-X 4 0.73 1 7 0 0 
-XO-X-O-X 0 -0.73 5 3 -0.81 1 5 -0.81 1 7 -0.81 1 
O--XXO-X- 1 0.1 7 2 0 0 6 0 0 8 -0.81 1 
-X-OXX-O- 0 0.0 3 2 0.0 1 6 0.73 22 8 0.0 1 
XOO-XXOX- 3 -0.73 1 8 -0.73 1 
--XOXX-O- 0 -0.04 2 1 -0.73 1 6 0.22 3 8 -0.81 1 
-X-----OX 0 0 0 2 0 0 3 0 0 4 0.0 1 5 0 0 6 0 0 
XXO-OX-OX 3 0.0 4 6 0 0 
XX-OO-XXO 2 0.0 3 5 0 0 
XO-OXXXO- 2 -0.73 1 8 -0.73 1 
-X--OXO-X 0 -0.81 1 2 0.81 6 3 0 0 7 -0.27 3 
-XOXXOO-X 0 -0.73 1 7 -0.73 1 
O--X--OXX 1 0.0 2 2 0.73 2 4 0 0 5 0 0 
-X-XOXOXO 0 0.73 1 2 0 0 
-XO-XO--X 0 -0.81 1 3 -0.81 1 6 -0.81 1 7 -0.81 1 
-X---XXOO 0 0 0 2 0.0 1 3 0 0 4 0 0 
-XOXOX-OX 0 0.0 2 6 0 0 
XXOX-O-OX 4 -0.73 1 6 0 0 
---OXX-OX 0 -0.75 466 1 -0.81 9 2 -0.81 11 6 -0.81 13 
---XO-XXO 0 0.81 4 1 0 0 2 0 0 5 0 0 
X-XXO-OOX 1 0.73 3 5 0 0 
-XOXO-XOX 0 0.0 8 5 0 0 
OX-XOX-OX 2 0.0 2 6 -0.73 1 
OXXX--OXO 4 0.73 2 5 0 0 
-X-XXO-O- 0 0.0 1 2 0 0 6 0.73 1 8 0 0 
--O-XOX-X 0 -0.81 1 1 0 0 3 0 0 7 -0.81 1 
--X-O-XXO 0 0.81 1 1 0 0 3 0 0 5 0 0 
-X--O-XXO 0 0.81 3 2 0 0 3 0 0 5 0 0 
-X-OX-XO- 0 -0.81 1 2 0.0 4 5 -0.73 2 8 -0.81 2 
-----O-XX 0 0.73 1 1 0 0 2 0 0 3 0 0 4 0 0 6 0 0 
O-XX-X-O- 1 -0.81 1 4 -0.6 15 6 -0.81 4 8 -0.62 8 
--OOXXXOX 0 0.0 1 1 0 0 
O-XXOXXO- 1 0.73 4 8 0 0 
X-XXOOOX- 1 0.0 57 8 -0.73 2 
---X---XO 0 0.73 1 1 0 0 2 0 0 4 0 0 5 0 0 6 0 0 
OX-X---XO 2 0 0 4 0 0 5 0.73 1 6 0 0 
OXXX-O-XO 4 0.73 1 6 0 0 
-XO-XOXOX 0 0.0 3 3 0 0 
------XOX 0 -0.73 1 1 0.73 1 2 0 0 3 0 0 4 0 0 5 0 0 
OX----XOX 2 0 0 3 0 0 4 0 0 5 -0.73 1 
OXXX-X-OO 4 0.73 6 6 0 0 
-XOX-O-X- 0 -0.81 1 4 0.24 3 6 0 0 8 0 0 
-XXOXXOO- 0 0.73 4 8 0 0 
-XOXXO-OX 0 0.0 26 6 0 0 
-X-OX-O-X 0 0.81 2 2 0 0 5 0 0 7 0 0 
-O-OXXX-- 0 -0.81 1 2 0.0 2 7 0 0 8 0 0 
-XX-O-OX- 0 0.73 2 3 -0.04 2 5 0 0 8 0 0 
----XXOOX 0 -0.8 7 1 -0.81 1 2 -0.81 1 3 -0.81 1 
OX--XXOOX 2 -0.73 1 3 0.73 1 
XX----XOO 2 -0.81 1 3 0 0 4 0 0 5 0 0 
O---OXX-X 1 -0.81 1 2 -0.81 2 3 -0.73 1 7 -0.81 1 
-OOXOX-XX 0 0.73 1 6 0 0 
XX-XOOOX- 2 0.73 1 8 0 0 
O---X-OXX 1 0.73 1 2 0 0 3 0 0 5 0 0 
OO--XXOXX 2 0.73 1 3 0 0 
O----XOXX 1 0.73 1 2 0 0 3 0 0 4 0 0 
OO-X-XOXX 2 0.73 1 4 0 0 
O----X-X- 1 -0.73 1 2 -0.81 1 3 -0.81 1 4 -0.81 1 6 0.16 5 8 0 0 
OOX--X-X- 3 -0.73 1 4 -0.81 2 6 -0.73 1 8 0 0 
OXXO-OXX- 4 0.73 1 8 0 0 
-O--OXXX- 0 -0.81 1 2 -0.73 1 3 -0.81 1 8 0.49 3 
OXO--X-X- 3 -0.81 1 4 0 0 6 0 0 8 0 0 
--XXOXOXO 0 0.73 7 1 0 0 
OX-O-X-X- 2 -0.81 1 4 0 0 6 0 0 8 0 0 
-OXXXOOX- 0 0.0 6 8 0.0 1 
XXOO-O-XX 4 0.73 1 6 0 0 
-O-XO-X-X 0 0.73 1 2 0 0 5 0 0 7 0 0 
-O-XXOOXX 0 0.0 6 2 0 0 
-O--OXX-X 0 -0.81 1 2 -0.81 1 3 -0.81 1 7 0.81 3 
--XOX-OX- 0 0.81 4 1 0 0 5 0 0 8 0 0 
-X-----XO 0 0.73 1 2 0 0 3 0 0 4 0 0 5 0 0 6 0 0 
--XXO-XO- 0 0.73 13 1 0 0 5 0 0 8 -0.81 1 
X-----XO- 1 -0.9 1 2 -0.81 1 3 0.0 3 4 0 0 5 0 0 8 0 0 
X---OXXO- 1 0.81 9 2 0.0 1 3 0.0 1 8 0 0 
-XXOX--O- 0 -0.76 459 5 -0.81 17 6 -0.77 35 8 -0.81 13 
--X-OXXO- 0 -0.15 7 1 0.81 3 3 0 0 8 0 0 
-X-OXXOOX 0 0.73 1 2 0 0 
-XXX--O-O 0 0.73 2 4 0 0 5 0 0 7 0 0 
X-X-O-X-O 1 -0.81 5 3 -0.81 2 5 -0.81 1 7 -0.81 1 
O-X--XX-O 1 0.73 1 3 0 0 4 0 0 7 -0.73 1 
OXX--XXOO 3 -0.73 1 4 0.73 2 
OOXX-XX-O 4 0.73 1 7 0 0 
OXXX-OXO- 4 0.0 2 8 0 0 
O-OXX-XXO 1 0 0 5 0.73 1 
--XXXO-O- 0 0.0 3 1 0 0 6 0.73 1 8 0 0 
-XOXOO-XX 0 -0.73 1 6 0.73 1 
OOXX-XOX- 4 -0.73 2 8 -0.73 1 
--OOX-XX- 0 -0.81 1 1 -0.53 64 5 -0.59 7 8 -0.81 4 
-O---XX-- 0 -0.81 1 2 0.0 1 3 0 0 4 0 0 7 0 0 8 0 0 
OOX--XX-- 3 -0.81 1 4 0 0 7 0 0 8 0 0 
--XX-XO-O 0 -0.81 1 1 -0.81 1 4 0.0 11 7 0 0 
-X-X-O--- 0 0.0 1 2 0 0 4 0 0 6 0 0 7 0 0 8 0 0 
X-OXOX-XO 1 -0.73 1 6 0 0 
O-XX--X-O 1 -0.81 1 4 0.81 1 5 0 0 7 0 0 
-X-XO-XO- 0 0.73 1 2 0 0 5 0 0 8 0 0 
---O-XX-- 0 -0.81 1 1 0.0 1 2 0 0 4 -0.81 1 7 0 0 8 0 0 
---OOXXX- 0 -0.81 1 1 -0.41 2 2 0 0 8 0 0 
-----XXO- 0 0.0 1 1 0 0 2 0 0 3 0 0 4 0 0 8 0 0 
OX---XXO- 2 0.0 1 3 0 0 4 0 0 8 0 0 
OX---XOX- 2 0.73 1 3 0 0 4 0 0 8 0 0 
OXOX-XOX- 4 0.73 2 8 0 0 
-X-XOOX-- 0 0.73 1 2 0 0 7 0 0 8 0 0 
X--OX-X-O 1 -0.81 1 2 0.36 2 5 0 0 7 0 0 
-X-XO-X-O 0 0.81 1 2 0 0 5 0 0 7 0 0 
XO-X--OX- 2 -0.73 1 4 0 0 5 0 0 8 0 0 
OO--XXX-- 2 0.81 1 3 0 0 7 0 0 8 0 0 
-XOXOXXO- 0 0.0 1 8 0 0 
-XOXOOXX- 0 -0.73 1 8 0.73 1 
X-OX-O-X- 1 0.73 1 4 0 0 6 0 0 8 0 0 
O-XX--XO- 1 0.73 1 4 0 0 5 0 0 8 0 0 
--XXOX-O- 0 -0.81 1 1 0.81 2 6 0 0 8 0 0 
O-X-XX-O- 1 -0.81 1 3 0 0 6 0 0 8 0 0 
-X-OXXO-- 0 0 0 2 0 0 7 0 0 8 -0.81 1 
X-XOXXOO- 1 -0.73 1 8 0.73 2 
OX-X-O--X 2 0.0 3 4 0 0 6 0 0 7 0 0 
-XXO-X-O- 0 -0.73 1 4 0 0 6 0 0 8 0 0 
-OXX--XO- 0 -0.81 1 4 0.81 1 5 0 0 8 0 0 
--X--X-O- 0 -0.81 1 1 -0.73 1 3 -0.77 2 4 -0.27 3 6 -0.81 1 8 0.74 6 
X-XO-X-O- 1 -0.73 1 4 -0.81 1 6 0 0 8 0 0 
-XX-OX-O- 0 -0.69 13 3 -0.81 1 6 -0.81 1 8 -0.81 1 
-XX--X-OO 0 0.73 1 3 0 0 4 0 0 6 0 0 
--XX-X-OO 0 0.73 1 1 0 0 4 0 0 6 0 0 
--X--XXOO 0 0.73 1 1 0 0 3 0 0 4 0 0 
O--XX--OX 1 -0.73 2 2 0.0 7 5 0 0 6 0 0 
--X----OX 0 -0.9 1 1 -0.73 1 3 -0.81 2 4 -0.05 32 5 -0.81 1 6 -0.81 2 
X-XO---OX 1 -0.81 1 4 0 0 5 -0.81 1 6 0 0 
-XX-O--OX 0 0.0 23 3 -0.81 1 5 -0.81 2 6 -0.81 2 
X-XO--XO- 1 -0.81 1 4 0 0 5 0 0 8 0 0 
X-X--O-OX 1 -0.81 1 3 0 0 4 0 0 6 0 0 
--XXO--OX 0 -0.81 1 1 0.81 1 5 0 0 6 0 0 
-XX-O---- 0 0.16 56 3 -0.9 1 5 -0.9 2 6 -0.9 2 7 -0.9 1 8 -0.9 2 
X-XO-X--O 1 0.0 5 4 0 0 6 0 0 7 0 0 
-OXXOX--- 0 -0.81 1 6 0.07 22 7 0 0 8 0 0 
X-XXOO--- 1 -0.81 1 6 -0.81 1 7 0 0 8 0 0 
X-XX---OO 1 -0.81 1 4 0 0 5 0 0 6 0 0 
XOO--XX-- 3 0.0 1 4 0 0 7 0 0 8 0 0 
-OXX-OXOX 0 -0.73 1 4 0 0 
-OX-OX-X- 0 -0.81 1 3 -0.02 33 6 0.0 4 8 0 0 
-OOOXXXX- 0 0.73 2 8 0 0 
--XXOX--O 0 0.81 12 1 0 0 6 0 0 7 0 0 
O--X-X--- 1 -0.81 1 2 0.73 1 4 0 0 6 0 0 7 0 0 8 0 0 
--X-OX-XO 0 0.81 12 1 0 0 3 0.0 1 6 0 0 
-XX-OX--O 0 0.81 13 3 0 0 6 0 0 7 0 0 
-XOX--OX- 0 -0.81 1 4 0.81 1 5 0 0 8 0 0 
-O-XOXX-- 0 0.73 1 2 0 0 7 0 0 8 0 0 
-XXOO--X- 0 0.73 2 5 0 0 6 0 0 8 0 0 
--X--O-X- 0 -0.81 1 1 0.0 1 3 0 0 4 0 0 6 0 0 8 0 0 
OXX--O-X- 3 -0.81 1 4 0.0 1 6 0 0 8 0 0 
X-XOOX-XO 1 0.0 7 6 0 0 
--X---X-O 0 0.81 1 1 0 0 3 0 0 4 -0.81 1 5 0 0 7 0 0 
-X--OXXO- 0 0.73 1 2 0 0 3 0 0 8 0 0 
---XOXXO- 0 0.73 2 1 0 0 2 0 0 8 0 0 
-X-XO-OX- 0 0.73 1 2 0 0 5 0 0 8 0 0 
O--OXXXOX 1 -0.73 1 2 0.0 11 
-OX-OXXXO 0 0.73 2 3 0 0 
O-X--XOX- 1 -0.73 1 3 0.81 1 4 0 0 8 0 0 
X-O--OXX- 1 -0.81 1 3 -0.81 1 4 -0.04 2 8 0 0 
-OXXO--X- 0 0.0 2 5 0.0 4 6 0 0 8 0 0 
X-O-OXXOX 1 0.73 12 3 0 0 
-XXXXOOO- 0 0.0 9 8 0.73 3 
--OXOXXOX 0 0.0 11 1 0 0 
---XXOO-X 0 -0.02 146 1 -0.81 3 2 -0.81 3 7 -0.81 2 
XXOO--OXX 4 0.73 1 5 0 0 
X--OOX--X 1 -0.81 1 2 0.0 4 6 0 0 7 0 0 
X---OX-OX 1 0 0 2 0 0 3 0 0 6 -0.04 2 
-X--OX-OX 0 -0.81 1 2 0.0 2 3 0 0 6 0 0 
---XOX-XO 0 0.81 1 1 0 0 2 0 0 6 0 0 
O-OXOXX-X 1 0.73 1 7 0 0 
-XXXO-OOX 0 -0.73 1 5 -0.73 1 
--XOXO--X 0 -0.81 3 1 -0.81 1 6 -0.81 1 7 -0.81 1 
XX-X-O-O- 2 0.73 1 4 0 0 6 0 0 8 0 0 
O-OOXXX-X 1 0.73 1 7 0 0 
-XX-OXXOO 0 0.73 1 3 0 0 
X-OX-O--X 1 -0.81 1 4 0 0 6 0 0 7 0 0 
---XXOXO- 0 0.0 7 1 0 0 2 0 0 8 0 0 
XOXO-OXX- 4 0.73 1 8 0 0 
--OXXOX-- 0 0.73 3 1 0 0 7 0 0 8 0 0 
O-OXXOXX- 1 0.73 1 8 0 0 
-OX-O-XX- 0 -0.37 7 3 -0.34 17 5 -0.73 1 8 -0.36 2 
--O-XOXX- 0 -0.81 1 1 0 0 3 0 0 8 0 0 
X--XO--XO 1 0.0 1 2 0 0 5 0 0 6 0 0 
-XX-XOOOX 0 0.0 1 3 0 0 
XX-OOX-OX 2 0.0 2 6 0 0 
O--X-XOX- 1 -0.73 1 2 0.73 1 4 0 0 8 0 0 
---XOXX-O 0 0.81 2 1 0 0 2 0 0 7 0 0 
-O-OXX-X- 0 0.73 1 2 0 0 6 0 0 8 0 0 
-OO-XX-X- 0 0.81 2 3 0 0 6 0 0 8 0 0 
--OXXO-X- 0 -0.81 1 1 0.73 2 6 0 0 8 0 0 
X-O--O-XX 1 -0.73 1 3 0 0 4 0 0 6 0 0 
-X-OO-XX- 0 0 0 2 0 0 5 0.81 1 8 0 0 
O-OXX-OXX 1 0.73 1 5 0 0 
X-XX-O-O- 1 -0.81 1 4 0 0 6 0 0 8 0 0 
---XX-XOO 0 -0.73 1 1 0 0 2 0 0 5 0 0 
-OOXX--X- 0 0.81 3 5 0 0 6 0 0 8 0 0 
-X-XXOOOX 0 0.0 2 2 0 0 
-XOX-X-O- 0 -0.81 1 4 0 0 6 0 0 8 0 0 
XOO---X-X 3 -0.81 1 4 0 0 5 0 0 7 0 0 
---OOXX-X 0 -0.73 1 1 0 0 2 0 0 7 0 0 
-X-OOXX-- 0 0.73 1 2 0 0 7 0 0 8 0 0 
XX-O--XO- 2 0.0 3 4 0 0 5 0 0 8 0 0 
O-X--OXX- 1 -0.73 1 3 0 0 4 0 0 8 0 0 
OOXX-OXX- 4 -0.73 1 8 0 0 
-X--X-OOX 0 0.73 1 2 0 0 3 0 0 5 0 0 
XX-XOO-XO 2 0.73 1 6 0 0 
X-XXOO-XO 1 -0.73 1 6 -0.73 1 
XOXO--XOX 4 0.73 1 5 0 0 
-OOXXOXX- 0 0.73 1 8 0 0 
O-OXXOX-X 1 0.73 1 7 0 0 
OXXO-X-XO 4 0.73 1 6 0 0 
-X---O-X- 0 0.0 1 2 0 0 3 0 0 4 0 0 6 0 0 8 0 0 
O-OOXXXX- 1 0.73 1 8 0 0 
