--------- 0 0.12 3208 1 0.06 941 2 0.12 3239 3 0.04 993 4 0.12 87639 5 -0.02 1015 6 0.05 979 7 -0.0 997 8 0.02 991 
X----O--- 1 0.6 19 2 0.36 4 3 0.24 3 4 0.66 24 6 -0.04 2 7 0.0 0 8 -0.73 1 
XXO--O--- 3 -0.24 3 4 -0.73 1 6 -0.04 2 7 -0.81 1 8 0.0 0 
XXOXOO--- 6 0.73 8 7 0.0 0 8 0.0 0 
O--X----- 1 0.24 6 2 0.0 0 4 0.0 0 5 0.0 2 6 0.0 0 7 0.0 0 8 0.0 0 
OXOX----- 4 0.21 7 5 0.0 1 6 0.0 0 7 -0.73 1 8 0.0 0 
OXOXX-O-- 5 0.73 2 7 0.0 0 8 0.0 0 
XO------- 2 -0.17 15 3 0.21 7 4 0.35 6 5 0.12 156 6 0.62 102 7 0.12 17 8 0.01 12 
XOX--O--- 3 0.19 19 4 0 0 6 0.55 8 7 0 0 8 0 0 
XOXX-O--O 4 0.0 46 6 0.73 6 7 0.0 2 
XOXXXOO-O 7 0.0 170 
-O-X----- 0 0.24 15 2 0 0 4 0 0 5 0 0 6 0 0 7 0.0 1 8 0 0 
XOOX----- 4 0.73 5 5 0 0 6 0 0 7 0 0 8 0 0 
XOOXX-O-- 5 0.73 5 7 0 0 8 0 0 
--OX----- 0 -0.04 2 1 -0.41 2 4 0.14 19 5 0 0 6 -0.73 1 7 -0.08 2 8 -0.08 2 
XOOXXO--- 6 0.73 18 7 -0.73 1 8 0.73 2 
---XO---- 0 0.05 652 1 -0.08 19 2 -0.04 19 5 -0.34 20 6 -0.15 10 7 -0.01 12 8 0.02 80 
XO-XO---- 2 -0.35 7 5 -0.73 2 6 0.81 15 7 -0.73 1 8 -0.73 2 
XOOXO--X- 5 -0.73 1 6 0.73 2 8 0 0 
O---X---- 1 0.15 685 2 -0.01 10 3 0.15 105 5 0.12 43 6 0.13 42 7 0.14 35 8 0.06 13 
OO--X-X-- 2 0.81 28 3 -0.81 1 5 -0.81 1 7 0 0 8 -0.81 1 
XOX-O---- 3 -0.3 55 5 -0.3 25 6 -0.31 7 7 -0.06 23 8 -0.41 6 
XOXXOO--- 6 0.73 5 7 0.0 1 8 0 0 
X-O------ 1 0.22 3 3 0.45 5 4 0.46 41 5 0 0 6 0 0 7 0 0 8 0 0 
XXOO----- 4 0.68 18 5 0 0 6 0 0 7 0 0 8 0 0 
XXOOXO--- 6 -0.04 2 7 0.73 6 8 0.73 1 
XXOOXOXO- 8 0.66 11 
X--O----- 1 0.68 26 2 0.66 14 4 0.6 5 5 0.0 1 6 0.0 1 7 0.0 1 8 -0.73 1 
XXOOX--O- 5 0.07 9 6 0.04 16 8 0.73 124 
XXOOXXOO- 8 0.66 26 
X---O---- 1 -0.02 85 2 -0.37 37 3 0.0 44 5 -0.01 34 6 0.0 1659 7 -0.03 40 8 -0.22 31 
XXO-O---- 3 -0.43 4 5 -0.21 57 6 -0.07 22 7 -0.73 1 8 -0.73 3 
X-----O-- 1 0.22 23 2 0.61 133 3 -0.45 10 4 0.0 8 5 0.13 202 7 -0.04 11 8 0.1 15 
XXO---O-- 3 -0.81 2 4 0.53 15 5 -0.81 2 7 -0.04 2 8 -0.81 2 
XOX---O-- 3 -0.36 4 4 -0.0 35 5 -0.06 12 7 0.02 80 8 0.64 126 
XOXXO-O-- 5 -0.65 18 7 0.0 529 8 -0.43 12 
OX-XO---- 2 -0.07 11 5 -0.36 2 6 -0.73 1 7 -0.73 1 8 0.0 4 
OXXXOO--- 6 -0.12 12 7 0.0 8 8 0.0 2 
OXXXOOXO- 8 0.0 30 
---X----O 0 -0.36 2 1 -0.77 2 2 0.16 31 4 0 0 5 0 0 6 0.0 2 7 -0.73 1 
XO-X----O 2 -0.36 2 4 0.73 2 5 0 0 6 0 0 7 0 0 
XOXXO---O 5 -0.36 2 6 0.73 8 7 0 0 
XOXXOXO-O 7 0.0 25 
XO-X--O-- 2 -0.15 5 4 0.49 3 5 0 0 7 0 0 8 0 0 
XOXXOOOX- 8 0.0 647 
---X-O--- 0 0.45 5 1 0 0 2 0 0 4 -0.01 7 6 0 0 7 0 0 8 0 0 
O--XXO--- 1 0.07 71 2 0.0 4 6 0 0 7 0.0 7 8 0 0 
OX-XXO--O 2 0.66 3 6 0 0 7 0 0 
OXXXXOO-O 7 0.66 43 
XO---XO-- 2 0.0 3 3 0.0 2 4 0.38 34 7 0 0 8 0 0 
XOO-XXO-- 3 0.73 10 7 0 0 8 0.73 1 
XX-O-O--- 2 0.81 13 4 0.73 1 6 0 0 7 0 0 8 -0.04 2 
XXOO-O--X 4 0.73 2 6 0 0 7 0 0 
X-O--XO-- 1 -0.08 2 3 0.0 2 4 0.73 11 7 0 0 8 0 0 
XXOO-XO-- 4 0.66 1 7 -0.73 1 8 0 0 
XO----O-X 2 -0.73 1 3 -0.18 4 4 0.81 5 5 0 0 7 0 0 
XOX---OOX 3 -0.27 3 4 0.73 31 5 0.73 3 
X--O-XO-- 1 -0.73 1 2 0.73 10 4 0.05 22 7 0.0 2 8 0 0 
XO-OXXO-- 2 0.07 20 7 0 0 8 0.73 10 
XOXOXXOO- 8 0.66 20 
X---OXO-- 1 -0.04 4 2 0.12 31 3 -0.73 1 7 -0.08 2 8 0 0 
XO--OXOX- 2 0.03 91 3 -0.73 3 8 -0.73 4 
XOXOOXOX- 8 0.66 21 
X------O- 1 -0.73 1 2 0.45 85 3 -0.44 4 4 -0.3 3 5 -0.78 3 6 0 0 8 0.38 4 
XXO----O- 3 -0.73 1 4 -0.24 3 5 0.0 3 6 0 0 8 0 0 
XXOX---OO 4 -0.73 1 5 0 0 6 0 0 
XOXO----- 4 0.64 8 5 0 0 6 0 0 7 0.0 1 8 0 0 
XOXOXO--- 6 0.73 14 7 0.66 1 8 0.73 1 
XX--OO--- 2 0.81 5 3 0 0 6 0 0 7 0 0 8 0 0 
XOX----O- 3 -0.5 5 4 0.61 113 5 -0.44 4 6 -0.81 4 8 -0.81 1 
XOXX-O-O- 4 0.66 3 6 0.73 1 8 0 0 
XOXXXOOO- 8 0.66 26 
X-XO---O- 1 0.81 3 4 0 0 5 0 0 6 0 0 8 0 0 
XX---OO-- 2 0.81 4 3 0 0 4 0 0 7 0 0 8 0 0 
X-------O 1 -0.13 5 2 0.43 180 3 0.12 17 4 -0.16 10 5 -0.13 6 6 0.22 6 7 0.16 86 
XXO-----O 3 -0.73 1 4 -0.81 1 5 -0.73 1 6 0.0 3 7 0 0 
XXOXO---O 5 -0.73 1 6 0.73 2 7 0 0 
XOX-----O 3 0.06 49 4 0.1 14 5 -0.15 5 6 0.64 85 7 0.07 18 
XOXOX---O 5 0.07 9 6 0.73 14 7 0 0 
XOXOXX-OO 6 0.66 8 
X-XO----O 1 0.81 8 4 0 0 5 0 0 6 0 0 7 0 0 
X----XOO- 1 -0.73 1 2 -0.73 1 3 -0.73 2 4 -0.08 6 8 0.44 21 
XOX--XOO- 3 -0.73 1 4 -0.73 1 8 0.73 3 
XXO--XOO- 3 -0.73 1 4 0 0 8 0 0 
XO-X-XOO- 2 -0.73 2 4 0.73 1 8 0 0 
XOXOXXO-O 7 0.0 102 
XO--XXOO- 2 -0.04 2 3 0.73 3 8 0 0 
X-O-XXOO- 1 -0.04 2 3 0.73 14 8 0 0 
X--OXXOO- 1 -0.04 2 2 -0.04 2 8 0.73 1 
XOOXX---O 5 0.73 4 6 0 0 7 0 0 
O----X--- 1 -0.73 1 2 0.62 10 3 0 0 4 0 0 6 0 0 7 0 0 8 0.0 2 
OX--OX--- 2 -0.77 2 3 -0.12 6 6 -0.27 3 7 -0.04 2 8 0.15 10 
OXXOOX--- 6 -0.73 2 7 -0.73 1 8 0.73 5 
XX-OO---- 2 0.81 6 5 0 0 6 0 0 7 0 0 8 0 0 
X---OX-O- 1 -0.73 1 2 -0.81 2 3 -0.81 1 6 -0.41 2 8 0.73 1 
XXO-OX-O- 3 -0.73 1 6 0.0 9 8 0 0 
X-----OOX 1 -0.73 1 2 0.73 2 3 0 0 4 0 0 5 0 0 
XXO---OOX 3 -0.73 2 4 0 0 5 0 0 
OX-X----O 2 -0.81 1 4 0.7 3 5 0 0 6 0 0 7 0 0 
O-X------ 1 -0.62 27 3 0.08 282 4 0.06 39 5 0.48 219 6 0.02 24 7 -0.1 15 8 0.08 238 
OOX-----X 3 0.18 4 4 0 0 5 0.81 16 6 0 0 7 0 0 
OOXXO---X 5 0.73 5 6 -0.73 1 7 0.66 1 
-OX------ 0 0.1 41 3 0.13 22 4 0.0 9 5 0.15 32 6 -0.22 6 7 0.1 6 8 0.34 214 
--XO----- 0 0 0 1 0 0 4 0.43 43 5 -0.73 1 6 0 0 7 0.0 4 8 -0.73 1 
O-XOX---- 1 -0.04 2 5 -0.04 2 6 0.81 3 7 0 0 8 0 0 
OXXOXO--- 6 0.73 7 7 0 0 8 0 0 
--X-O---- 0 -0.03 54 1 -0.05 64 3 -0.01 83 5 0.01 1111 6 0.01 52 7 -0.07 11 8 -0.01 12 
--X----O- 0 0.58 52 1 -0.0 104 3 -0.06 4 4 -0.54 3 5 -0.02 14 6 0.09 8 8 0.16 39 
X-X---OO- 1 0 0 3 0 0 4 0 0 5 0 0 8 0.73 8 
X-XOO---- 1 0.81 4 5 0 0 6 0 0 7 0 0 8 0 0 
--X--O--- 0 0.44 26 1 0 0 3 0 0 4 0.73 1 6 0.32 9 7 0.36 2 8 0 0 
XOXXXO-OO 6 0.66 7 
--X---O-- 0 0.18 155 1 0.1 8 3 -0.03 13 4 -0.4 10 5 0.06 10 7 0.1 6 8 0.53 124 
XOXOX-O-- 5 0.05 24 7 0.0 3 8 0.73 65 
O-XX--O-- 1 -0.05 17 4 0.12 41 5 -0.73 1 7 -0.02 4 8 0.0 1 
OXXXO-O-- 5 -0.04 2 7 -0.15 5 8 0.0 2 
OXXXOXOO- 8 0.66 4 
--X-----O 0 0.3 23 1 0.24 3 3 -0.04 2 4 0 0 5 0.27 8 6 -0.04 2 7 0.24 3 
O-XX----O 1 -0.81 1 4 0.72 13 5 0 0 6 0 0 7 0 0 
X-X-O---O 1 0.81 11 3 0.73 1 5 0 0 6 0 0 7 0.66 1 
X-X--O--O 1 0.81 6 3 0.0 1 4 0 0 6 0 0 7 0 0 
X-X---O-O 1 0.81 12 3 0 0 4 0 0 5 0.0 1 7 0.0 1 
--XXO-O-- 0 0.24 3 1 0 0 5 0 0 7 0 0 8 0 0 
XOXXO-OXO 5 0.0 111 
-OXX--O-- 0 -0.04 2 4 0.73 1 5 0 0 7 0.0 1 8 0 0 
XOXX--OO- 4 -0.04 2 5 -0.73 1 8 -0.73 1 
X-XXOOO-- 1 0.73 10 7 0.0 1 8 0.0 1 
OX------- 2 -0.81 2 3 -0.24 12 4 0.23 56 5 -0.18 4 6 -0.2 4 7 0.02 5 8 -0.73 1 
OXXO----- 4 -0.81 3 5 -0.61 16 6 -0.73 1 7 -0.73 2 8 -0.73 2 
X-X-O--O- 1 0.81 7 3 0 0 5 0 0 6 0 0 8 0 0 
X-X-OO--- 1 0.81 5 3 0 0 6 0 0 7 0 0 8 0 0 
O-------X 1 0.19 14 2 0 0 3 0 0 4 0 0 5 0 0 6 -0.81 1 7 -0.27 3 
OXO-----X 3 0.19 17 4 0 0 5 0 0 6 0.0 1 7 0 0 
OXOXO---X 5 -0.73 2 6 0.0 1 7 -0.04 6 
OXOXOO-XX 6 0.66 8 
-O------X 0 -0.73 1 2 0.38 19 3 0.0 1 4 0 0 5 0 0 6 -0.77 2 7 0 0 
XOO-----X 3 -0.73 1 4 0.81 2 5 0 0 6 0 0 7 0 0 
XOOXO---X 5 -0.73 1 6 0.73 2 7 0 0 
XOXOO---X 5 0.73 6 6 0 0 7 -0.73 2 
O-----X-- 1 0.22 3 2 0.18 8 3 -0.04 2 4 0 0 5 0 0 7 0 0 8 0 0 
OXO---X-- 3 0.11 6 4 0.0 1 5 0.66 1 7 0 0 8 0 0 
OXOXO-X-- 5 -0.24 3 7 -0.04 4 8 0.0 9 
OXOXOOXX- 8 0.66 5 
-O----X-- 0 -0.73 1 2 -0.73 1 3 0.45 9 4 0 0 5 0.36 2 7 0 0 8 0.46 6 
XO-O--X-- 2 -0.73 3 4 0.66 69 5 0 0 7 0.36 2 8 0.0 2 
XOXOO-X-- 5 -0.69 18 7 -0.73 1 8 -0.73 1 
--XX-OO-- 0 0.66 1 1 0 0 4 0 0 7 0 0 8 0 0 
XOXX-OO-- 4 0.13 5 7 0.0 1 8 0.16 4 
X-X-O-O-- 1 0.81 10 3 0.0 1 5 0 0 7 0 0 8 0.73 1 
X-X----OO 1 0.81 5 3 0 0 4 0 0 5 0 0 6 0 0 
XOX-XO--O 3 0.04 17 6 0.73 24 7 0 0 
XOX-O--XO 3 0.06 21 5 0 0 6 0 0 
XOXXOO-XO 6 0.66 6 
--XX--OO- 0 -0.73 2 1 -0.73 1 4 -0.73 1 5 0.19 3 8 -0.04 2 
OXXX--OO- 4 -0.73 1 5 -0.73 2 8 0.0 70 
--XO-XO-- 0 0.0 1 1 0 0 4 0 0 7 0 0 8 0 0 
XOXO-XO-- 4 0.0 1 7 0 0 8 0.73 10 
O-XX--OOX 1 0.66 1 4 0 0 5 0 0 
OXXXO-OOX 5 0.66 6 
-OXX--OOX 0 -0.73 1 4 0 0 5 0 0 
O-XXX-OO- 1 -0.73 2 5 0.73 3 8 0 0 
X-XO-O--- 1 0.81 4 4 0 0 6 0 0 7 0 0 8 0 0 
XX---O-O- 2 0.81 9 3 0 0 4 0.6 12 6 0 0 8 0 0 
XXO-XO-O- 3 -0.38 4 6 -0.04 2 8 0.73 13 
XXOXXOOO- 8 0.66 5 
----O-X-- 0 -0.07 11 1 -0.23 15 2 0.02 615 3 -0.09 14 5 -0.45 9 7 -0.07 55 8 -0.1 8 
XO--O-X-- 2 -0.73 1 3 0.81 32 5 -0.81 2 7 0.73 1 8 0 0 
X-XO--O-- 1 0.81 7 4 0 0 5 0 0 7 0 0 8 0 0 
XOX-XOO-- 3 0.11 12 7 0.0 1 8 0.73 25 
X-X-O-OOX 1 0.73 3 3 0 0 5 0 0 
X-XO--OOX 1 0 0 4 0.73 3 5 0 0 
O-X-X-O-- 1 -0.44 4 3 0.08 27 5 -0.81 1 7 0.0 1 8 -0.81 2 
OXX-X-O-O 3 -0.04 2 5 -0.73 1 7 0.73 1 
--X-X-OO- 0 -0.73 1 1 -0.73 1 3 -0.7 26 5 -0.73 1 8 -0.73 1 
XOX-X-OO- 3 -0.73 6 5 -0.73 3 8 0.73 73 
XOX-OOX-- 3 0.73 3 7 0 0 8 0 0 
OOX--X--- 3 0.44 10 4 0.73 1 6 0 0 7 0.7 3 8 0 0 
OOXX-X--O 4 0.73 3 6 0 0 7 -0.04 2 
OOX---X-- 3 -0.73 1 4 0.81 3 5 0 0 7 0 0 8 0 0 
OOXXO-X-- 5 -0.73 1 7 -0.73 1 8 -0.38 8 
X-X--OO-- 1 0.81 11 3 0 0 4 0 0 7 0 0 8 0 0 
OX--X--O- 2 -0.44 15 3 0.08 321 5 -0.01 11 6 0.08 270 8 -0.1 14 
OXOXX--O- 5 0.73 12 6 0 0 8 0.0 1 
OOXXX---O 5 0.73 5 6 0 0 7 0 0 
XOX-X-O-O 3 -0.18 16 5 -0.73 4 7 0.0 78 
--X-O-OX- 0 0.0 1 1 0 0 3 0 0 5 0 0 8 0 0 
XOX-O-OX- 3 0.0 29 5 0.0 6 8 0.33 4 
XOX-OOOXX 3 0.0 79 
O------X- 1 -0.73 1 2 -0.73 1 3 -0.02 3 4 0 0 5 0.21 9 6 -0.24 3 8 -0.01 11 
OXO----X- 3 -0.73 1 4 0.81 3 5 0 0 6 0 0 8 0 0 
OXOXO--X- 5 -0.73 3 6 -0.73 2 8 -0.73 1 
O-XO----X 1 -0.24 3 4 -0.02 4 5 0 0 6 0 0 7 0 0 
OXXOO---X 5 0.73 4 6 0 0 7 -0.73 1 
-OXOX---- 0 0.22 3 5 0 0 6 0.81 4 7 0 0 8 0 0 
X-X--OOOX 1 0.73 3 3 0 0 4 0 0 
OO-X--X-- 2 -0.02 4 4 0 0 5 0 0 7 0 0 8 0 0 
OOXXOOX-X 7 0.66 30 
XOX-XOOXO 3 0.0 920 
--XO--OX- 0 0.69 2 1 0 0 4 0 0 5 0 0 8 0 0 
XOXO--OX- 4 0.03 24 5 0.11 12 8 0.66 1 
XOXOXOOX- 8 0.66 10 
O-X---OX- 1 -0.81 1 3 0.0 2 4 0 0 5 0 0 8 0 0 
O-XX-XOO- 1 -0.04 2 4 0.73 11 8 0.73 1 
XOX--XO-O 3 -0.36 4 4 -0.73 1 7 0.0 9 
O-XO---X- 1 -0.73 1 4 0.22 3 5 0 0 6 0 0 8 0 0 
OXXOO--X- 5 -0.73 7 6 -0.73 1 8 -0.73 2 
O-X-O---X 1 -0.24 3 3 0.25 29 5 0 0 6 0 0 7 0.0 1 
OOXX-O--X 4 0.11 6 6 0.66 11 7 0 0 
OOXXXOO-X 7 0.0 81 
OXO-X---- 3 0.0 3 5 0.73 1 6 0.0 2 7 0.81 29 8 0.31 9 
OXOXXO--- 6 -0.06 24 7 0.73 3 8 0.0 2 
OXOXXOXO- 8 0.0 390 
XOX-OXO-- 3 -0.58 5 7 0.02 42 8 0.73 20 
XOX-OXOXO 3 0.0 559 
XOX---OXO 3 0.0 32 4 0.0 4 5 0.0 4 
XOXOX-OXO 5 0.0 819 
O-X--OX-- 1 -0.18 4 3 0.0 4 4 0 0 7 0.66 1 8 0 0 
OXXO-OX-- 4 0.73 3 7 0 0 8 0 0 
XOX-O-O-X 3 0 0 5 0.73 9 7 0 0 
OO-X---X- 2 0.22 3 4 0 0 5 0 0 6 0 0 8 0 0 
OOXX--OX- 4 0.07 10 5 0 0 8 0.0 1 
OOXXXOOX- 8 0.0 59 
OXX---O-- 3 -0.12 6 4 -0.81 1 5 -0.81 1 7 0 0 8 -0.81 1 
OXXX-OO-- 4 0.11 6 7 0 0 8 0.0 1 
OXXXXOOO- 8 0.0 461 
O-X--XO-- 1 -0.81 3 3 0.62 40 4 -0.3 3 7 0 0 8 0 0 
O-X-X-OOX 1 -0.73 1 3 0 0 5 0 0 
--XOX-O-- 0 0.62 84 1 -0.81 3 5 -0.81 3 7 0 0 8 -0.81 1 
OOXXO--X- 5 -0.27 3 6 -0.73 1 8 0.66 6 
OOXXOXOX- 8 0.66 5 
XOX--OOX- 3 0.0 3 4 0.09 7 8 0 0 
O-X--O--X 1 -0.5 6 3 0.03 151 4 -0.09 8 6 -0.08 11 7 0.0 2 
OXXO-O--X 4 -0.59 10 6 -0.73 1 7 -0.73 1 
OOX-XO--X 3 0.05 37 6 0.73 58 7 0.0 1 
O-OX---X- 1 -0.73 1 4 -0.81 1 5 0 0 6 0 0 8 0 0 
-OXO----X 0 0.31 7 4 0 0 5 0 0 6 0.73 1 7 0 0 
OXX-X-OO- 3 -0.69 17 5 -0.73 1 8 -0.73 1 
OOXX-XO-- 4 0.73 4 7 0 0 8 0 0 
O-X---O-X 1 -0.81 1 3 0.14 10 4 -0.04 2 5 0.81 37 7 -0.32 3 
OOXX--O-X 4 0.66 1 5 0.73 1 7 0 0 
OOXXX-OOX 5 0.66 3 
O-XXO-O-X 1 0.0 13 5 0.73 8 7 0.0 1 
OXXXOOO-X 7 0.0 179 
OOXXXO-OX 6 0.66 17 
X--O-XOOX 1 0.66 3 2 0 0 4 0 0 
XXOO-XOOX 4 0.66 3 
-OX---O-X 0 -0.73 1 3 0.2 7 4 0.0 1 5 0.81 17 7 0 0 
O-XXOXO-- 1 -0.73 3 7 -0.27 3 8 0.73 4 
-OX--XO-- 0 0.24 9 3 0 0 4 0 0 7 0 0 8 0 0 
-----O-X- 0 0.13 22 1 0.0 1 2 0 0 3 0 0 4 0 0 6 0 0 8 0 0 
XO---O-X- 2 0.33 2 3 0 0 4 0.66 1 6 0 0 8 0 0 
XOXO-O-X- 4 0.66 2 6 0 0 8 0 0 
O-XX---O- 1 0.11 6 4 0 0 5 0 0 6 0 0 8 0.26 8 
OXXXO--O- 5 -0.27 3 6 -0.18 4 8 0.33 2 
OXO-XO--X 3 0 0 6 0 0 7 0.73 4 
--XOXO--- 0 0.72 15 1 0 0 6 0 0 7 0.71 4 8 0.73 6 
X-XOXO-O- 1 0.73 5 6 0 0 8 0 0 
-X--O---- 0 0.08 10 2 0 0 3 0 0 5 0 0 6 0 0 7 0 0 8 0.0 1 
OO----XX- 2 0 0 3 -0.81 1 4 0 0 5 0 0 8 0 0 
O-XXOO--X 1 0.0 11 6 0.05 170 7 0.0 10 
-O--X---- 0 0.37 21 2 0.17 31 3 0.42 17 5 0.1 15 6 0.59 923 7 0.15 13 8 0.52 18 
XOO-X---- 3 0.73 12 5 0 0 6 0 0 7 0.73 1 8 0 0 
XOOXX--O- 5 0.73 10 6 0.73 1 8 0 0 
--O-X---- 0 0.2 450 1 0.2 83 3 0.21 68 5 0.19 20 6 0.16 13 7 0.2 305 8 0.2 24 
---OX---- 0 0.57 44 1 0.65 840 2 0.63 64 5 0.11 17 6 0.21 17 7 0.51 13 8 0.07 9 
XO-OX---- 2 0.41 12 5 0 0 6 0 0 7 0 0 8 0 0 
XOXOX--O- 5 0.66 7 6 0 0 8 0 0 
-------OX 0 -0.73 1 1 0.0 1 2 0 0 3 0.17 12 4 0 0 5 0 0 6 0 0 
O--X---OX 1 0.66 1 2 0 0 4 0 0 5 0 0 6 0 0 
OXOX---OX 4 0.16 8 5 0.22 9 6 0.0 2 
OXOXX-OOX 5 0.66 5 
----XO--- 0 0.3 26 1 0.38 54 2 0.64 906 3 -0.0 23 6 0.4 17 7 0.52 17 8 0.24 97 
X---XO-O- 1 -0.02 4 2 0.71 5 3 0 0 6 0 0 8 0 0 
XX-OXO-O- 2 0.73 20 6 0.66 2 8 0.73 3 
----X-O-- 0 0.19 7 1 0.04 19 2 -0.48 14 3 0.24 288 5 0.24 50 7 0.24 548 8 -0.01 13 
XO--X-O-- 2 -0.36 2 3 0.3 12 5 0.0 1 7 0.13 5 8 0 0 
O--XX-O-- 1 0.61 6 2 0 0 5 0 0 7 0 0 8 0 0 
----X--O- 0 0.23 36 1 0.23 16 2 -0.13 18 3 0.26 26 5 0.59 748 6 0.3 110 8 0.03 22 
XO--X--O- 2 -0.04 2 3 0.68 3 5 0 0 6 0 0 8 0 0 
----X---O 0 0.05 1002 1 0.05 1250 2 0.09 1401 3 0.07 1040 5 0.09 1022 6 0.07 1006 7 0.1 73925 
XO--X---O 2 0.0 11 3 0.6 23 5 0 0 6 0 0 7 0 0 
OXOX-O--X 4 0.22 6 6 0.22 6 7 0 0 
OXOXXOO-X 7 0.66 16 
O---XX--O 1 -0.24 3 2 0.36 4 3 0 0 6 0.67 16 7 0 0 
OXO-XX--O 3 0.73 4 6 0 0 7 0 0 
OX--O-X-- 2 -0.05 3 3 0.0 2 5 0 0 7 0 0 8 0 0 
OXXOO-X-- 5 -0.38 4 7 -0.73 1 8 -0.73 1 
OXXOOXXO- 8 0.66 4 
OX--XO--- 2 0.32 34 3 0.0 1 6 0.22 3 7 0.81 12 8 0 0 
OX-OX---- 2 0 0 5 0.66 1 6 0.73 1 7 0.81 31 8 0 0 
OX-OX-X-O 2 0.73 3 5 0 0 7 0 0 
-O-XX-O-- 0 0.43 10 2 0 0 5 0.81 1 7 0 0 8 0 0 
OX--X-O-- 2 -0.81 1 3 -0.01 6 5 -0.16 5 7 0.81 27 8 0 0 
OX-XXOO-- 2 0.05 26 7 0.73 3 8 0.0 3 
O-O-X--X- 1 0.81 5 3 0 0 5 0 0 6 0 0 8 0 0 
--OXX-O-- 0 0.5 19 1 0 0 5 0 0 7 0 0 8 0 0 
OXOOX-X-- 5 0.0 5 7 0.73 6 8 0.0 1 
OXOOXXXO- 8 0.0 82 
OO--XX--- 2 0.0 2 3 0.81 3 6 0 0 7 0 0 8 0 0 
OOXOXX--- 6 0.73 1 7 -0.73 1 8 0.73 1 
--O-----X 0 0.23 9 1 0.0 1 3 0 0 4 0 0 5 0 0 6 0 0 7 0 0 
-O---X--- 0 0.13 11 2 0 0 3 0 0 4 0.0 1 6 0 0 7 0 0 8 0 0 
XOO--X--- 3 0.44 5 4 0 0 6 0 0 7 0 0 8 0 0 
XOOXOX--- 6 0.73 3 7 0 0 8 0 0 
---O----X 0 0.4 9 1 0.0 2 2 0 0 4 0 0 5 0 0 6 0 0 7 0 0 
XO-O----X 2 0.73 2 4 0 0 5 0 0 6 0 0 7 0 0 
XOXO-O--X 4 0.73 2 6 0 0 7 -0.73 1 
----O---X 0 -0.2 12 1 -0.07 12 2 -0.06 30 3 -0.02 13 5 0.01 463 6 -0.01 343 7 -0.04 16 
O---OX--X 1 0.12 6 2 0 0 3 0 0 6 0 0 7 0 0 
OX--OX-OX 2 0.73 2 3 0 0 6 0 0 
-----O--X 0 0.18 9 1 0 0 2 0 0 3 0 0 4 0 0 6 0 0 7 -0.73 1 
XO---O--X 2 0.0 2 3 0 0 4 0 0 6 0 0 7 0 0 
OO-----XX 2 0.66 1 3 0 0 4 0 0 5 0 0 6 0 0 
OOXO---XX 4 -0.04 2 5 0 0 6 0 0 
OOXOXO-XX 6 0.66 5 
XO---XOOX 2 0.73 3 3 0 0 4 0 0 
------O-X 0 0.5 15 1 -0.81 1 2 0 0 3 0 0 4 0 0 5 0 0 7 0 0 
XOOX--O-X 4 0.73 2 5 0 0 7 0 0 
-O-X---OX 0 0.73 1 2 0 0 4 0 0 5 0 0 6 0 0 
XOOX---OX 4 0.73 2 5 0 0 6 0 0 
O--O---XX 1 0.73 1 2 0 0 4 0 0 5 0 0 6 0 0 
OXOO---XX 4 0.73 3 5 0 0 6 0 0 
OO-X----X 2 0.0 1 4 0 0 5 0 0 6 0 0 7 0 0 
X-O--O--X 1 -0.24 3 3 0.73 1 4 0 0 6 0 0 7 0.66 1 
-OX-O---X 0 -0.27 3 3 0.09 8 5 0.81 8 6 0.0 2 7 0 0 
XOX-OO--X 3 -0.29 5 6 -0.73 1 7 -0.73 1 
XOXXOOO-X 7 0.0 80 
-O---OX-X 0 -0.73 1 2 0.66 1 3 0 0 4 0 0 7 0 0 
XO--OOX-X 2 -0.73 1 3 0.73 1 7 0.73 1 
OO--X--X- 2 0.19 26 3 -0.32 3 5 -0.81 1 6 -0.81 2 8 -0.81 1 
OOX-XO-X- 3 0.0 2 6 0.73 35 8 0.22 3 
O--OX--X- 1 0.81 3 2 0 0 5 0 0 6 0 0 8 0 0 
O---XO-X- 1 0.81 5 2 0.73 1 3 0.0 1 6 0 0 8 -0.36 2 
O---X-OX- 1 0.81 8 2 0 0 3 0 0 5 0.73 1 8 0 0 
O---X--XO 1 0.81 977 2 0.71 20 3 0.71 14 5 0.67 27 6 0.62 27 
X-OOX---- 1 0.58 36 5 0.0 2 6 0.21 7 7 0.0 5 8 0.81 42 
XXOOX-O-- 5 0.66 9 7 0 0 8 0 0 
XXOOXXO-O 7 0.66 31 
OOXOX--X- 5 -0.73 1 6 0.73 4 8 -0.73 1 
XX---O--O 2 0.81 1 3 0 0 4 0 0 6 0 0 7 0 0 
OO-XX--XO 2 0.66 10 5 0.73 49 6 -0.73 4 
OOXXXO-XO 6 0.66 112 
-OXXOO--X 0 -0.03 26 6 -0.38 4 7 0.05 29 
-OX----OX 0 -0.04 2 3 -0.08 2 4 0.69 6 5 0 0 6 0.69 2 
XOXO---OX 4 0.73 3 5 0 0 6 0 0 
-O--OX--X 0 -0.73 1 2 0.81 5 3 0 0 6 0 0 7 0 0 
XOO-OX--X 3 -0.73 1 6 -0.45 5 7 -0.73 1 
XO--O---X 2 -0.81 3 3 -0.36 6 5 -0.73 3 6 -0.81 2 7 0.18 11 
OX-XX-OO- 2 -0.73 2 5 0.73 12 8 0.0 2 
OXO-XXO-- 3 0.73 3 7 0 0 8 0 0 
-O--XX--O 0 0.1 7 2 0.66 10 3 0 0 6 0 0 7 0 0 
XOO-XX--O 3 0.73 19 6 0.0 1 7 0.0 1 
OX--XXOO- 2 -0.73 1 3 0.73 3 8 0 0 
OX--XXO-O 2 -0.73 1 3 0.73 4 7 0 0 
--O--X--- 0 0.04 16 1 -0.15 5 3 -0.81 1 4 0.29 15 6 0 0 7 0 0 8 -0.73 1 
O-OX-X--- 1 -0.73 1 4 0 0 6 0 0 7 0 0 8 -0.81 1 
OX--O---X 2 0.42 5 3 0 0 5 0 0 6 0 0 7 0 0 
-XO-O---X 0 -0.73 10 3 -0.43 7 5 -0.07 11 6 0.04 361 7 -0.56 7 
OXO-O--XX 3 -0.73 1 5 -0.73 1 6 0.73 2 
XXOOO---X 5 -0.73 13 6 -0.73 2 7 -0.73 1 
O-O----XX 1 0.73 1 3 0 0 4 0 0 5 0 0 6 0 0 
OO--XO-XX 2 0.0 12 3 0 0 6 0 0 
OOX-XOOXX 3 0.0 17 
OX--X---O 2 0.73 2 3 0.73 1 5 0.71 10 6 0.69 2 7 0.81 20 
XOOX-XO-- 4 0.73 4 7 0 0 8 0 0 
OXOOX---X 5 0 0 6 0.16 4 7 0 0 
OXOOXOX-X 7 0.66 7 
-OO-X--X- 0 0.05 180 3 -0.81 3 5 -0.81 2 6 -0.81 2 8 -0.81 3 
XOOOX--X- 5 0.06 23 6 0.0 1 8 0 0 
XOOOXXOX- 8 0.66 6 
--OOX--X- 0 0.1 15 1 0.81 12 5 -0.12 6 6 0.5 76 8 0 0 
XOOOXX-XO 6 0.0 1833 
OX-XXOOOX 2 0.0 143 
OXO-X-O-X 3 0.66 7 5 0 0 7 0 0 
OXX-XOO-- 3 0.06 22 7 0.73 507 8 -0.64 17 
OXO-X--OX 3 0.01 44 5 0.0 4 6 0.0 1 
OXOXXO-OX 6 0.0 109 
OO--X---X 2 0.44 10 3 0 0 5 0 0 6 0 0 7 0 0 
OOXOX---X 5 0.73 2 6 0 0 7 0 0 
-OOX--X-- 0 0.81 2 4 0 0 5 0 0 7 0 0 8 0 0 
O-O-X---X 1 0.02 29 3 0 0 5 0 0 6 0 0 7 -0.81 1 
XXOOX---O 5 0.09 7 6 0 0 7 0.73 37 
XO--XO--- 2 0.7 3 3 0 0 6 0 0 7 0 0 8 0 0 
OXOOX-XOX 5 0.0 75 
X-O-XO--- 1 -0.41 4 3 -0.73 1 6 -0.18 5 7 -0.24 3 8 0.81 33 
---XXOO-- 0 -0.0 22 1 0.0 15 2 0 0 7 0.0 3 8 0.06 154 
X-OXXOO-- 1 -0.38 4 7 -0.27 3 8 0.73 14 
X-OXXO-O- 1 -0.73 2 6 0.73 2 8 0.73 2 
XOO-XOX-- 3 0.73 547 7 -0.68 28 8 0.73 12 
X-O-X--O- 1 0 0 3 0.73 8 5 0 0 6 0 0 8 0 0 
X-OOXOX-- 1 -0.73 1 7 -0.04 2 8 0.73 7 
--O---X-- 0 0.28 83 1 0.0 1 3 0.0 2 4 0.09 64 5 -0.05 3 7 -0.1 9 8 0.1 7 
O-O--XX-- 1 0.33 2 3 -0.81 1 4 0 0 7 0 0 8 0 0 
XOOOXOXX- 8 0.66 7 
O-X-XO--- 1 0.63 16 3 0.36 2 6 0.81 35 7 0.66 42 8 0.0 4 
OXX-XO-O- 3 0.0 9 6 0.73 19 8 0.09 15 
-XO-XO--- 0 -0.04 4 3 0.0 3 6 0 0 7 0 0 8 0.73 4 
--O-XX--O 0 0.16 18 1 0.16 27 3 0 0 6 0 0 7 0 0 
-OO-X-X-- 0 0.67 739 3 -0.43 12 5 -0.81 13 7 -0.75 17 8 -0.81 16 
XOOOX-X-- 5 0.13 5 7 0.28 7 8 0.73 118 
O---XOX-- 1 0.2 11 2 0 0 3 0 0 7 0 0 8 0 0 
OXO-XOX-- 3 0.0 3 7 0 0 8 0.13 10 
---XX-OO- 0 0.13 5 1 -0.21 10 2 -0.73 1 5 0.81 62 8 0.73 2 
XO-XX-OO- 2 -0.73 1 5 0.73 3 8 0.73 1 
-X-OXO--- 0 0.72 23 2 0 0 6 0 0 7 0.81 17 8 0 0 
-X--XOO-- 0 0 0 2 0 0 3 -0.04 2 7 0.81 5 8 -0.73 1 
-X--XO-O- 0 0.73 3 2 0 0 3 0 0 6 0 0 8 0 0 
XX--XOOO- 2 0.73 3 3 0 0 8 0 0 
-XOXXOO-- 0 -0.73 1 7 0.73 2 8 0 0 
-X--XO--O 0 -0.04 2 2 0.72 26 3 -0.73 1 6 -0.3 3 7 0 0 
XX-OXO--O 2 0.73 5 6 0 0 7 0 0 
O-O-XO-XX 1 0.73 2 3 -0.73 1 6 0 0 
O-XOXO-X- 1 0.73 4 6 0 0 8 0 0 
OXX-XO--O 3 0.66 11 6 0.73 27 7 0.73 3 
OXXXXO-OO 6 0.66 22 
XOO-XO-X- 3 -0.73 2 6 -0.04 2 8 0.73 4 
X--OXO--- 1 0.73 1 2 0 0 6 0 0 7 0 0 8 0.81 2 
XX-OXOO-- 2 0.73 5 7 0 0 8 0 0 
XX--XO-OO 2 0.73 3 3 0 0 6 0 0 
OXXOXO-OX 6 0.66 11 
OXX-XOOOX 3 0.0 33 
O-XXXO--O 1 0.66 21 6 0.73 9 7 0.66 1 
---OXX--O 0 0.03 40 1 0.01 48 2 -0.19 27 6 0.06 148 7 0.07 674 
XO-OXX--O 2 0.0 3 6 0.07 10 7 0 0 
OX--XOO-X 2 -0.73 1 3 0.33 2 7 0 0 
-X-XO--O- 0 -0.73 1 2 -0.73 1 5 -0.01 6 6 -0.73 1 8 0.0 5 
XXOXO--O- 5 -0.73 1 6 0.73 10 8 0 0 
---O--X-- 0 0.16 4 1 0.15 5 2 0 0 4 0 0 5 0.49 3 7 0 0 8 0 0 
O---XO--X 1 0.16 25 2 0.0 4 3 0.0 2 6 0.16 38 7 0.16 14 
-O--XO--X 0 0.81 3 2 0 0 3 0 0 6 0 0 7 0 0 
--O-XO--X 0 0.81 4 1 0 0 3 0.0 1 6 0 0 7 0 0 
---OXO--X 0 0.81 2 1 0 0 2 0 0 6 0 0 7 0 0 
----XOO-X 0 0.81 2 1 0 0 2 0 0 3 0 0 7 0 0 
----XO-OX 0 0.81 4 1 0 0 2 0 0 3 0 0 6 0 0 
OX-OXO--X 2 -0.73 1 6 0.66 4 7 0 0 
-O--XO-X- 0 0.16 4 2 0 0 3 0 0 6 0 0 8 0 0 
OO-XXO--X 2 0.0 1 6 0 0 7 0 0 
OX-OXOXOX 2 0.66 2 
OX--XO-OX 2 0.07 19 3 0 0 6 0.0 1 
OO--XOX-X 2 0.73 4 3 0 0 7 0 0 
O-O-XOX-X 1 0.13 5 3 0 0 7 0.73 3 
OXO-XOXOX 3 0.0 22 
X--OX-O-- 1 0.68 3 2 0 0 5 0 0 7 0 0 8 0 0 
X--OX--O- 1 0.73 5 2 0 0 5 0 0 6 0 0 8 0 0 
--O-XO-X- 0 -0.73 1 1 0.81 9 3 0 0 6 0.73 1 8 0 0 
X-OO-X--- 1 0.0 3 4 0 0 6 0.66 1 7 0 0 8 0.73 1 
XXOOOX--- 6 0.0 54 7 -0.73 3 8 -0.73 1 
XXOOOXXO- 8 0.0 936 
O---XOOXX 1 0.73 2 2 0 0 3 0.0 1 
O--OXOX-X 1 0.66 1 2 0 0 7 0 0 
XO-OXXXOO 2 0.66 5 
O---XOXOX 1 0.0 5 2 0 0 3 0.06 22 
X--OX---O 1 0.66 41 2 0.24 3 5 0 0 6 0.0 3 7 0.0 2 
XXOOXX-OO 6 0.0 563 
O--XXO-OX 1 0.0 1 2 0 0 6 0 0 
X---X-OO- 1 0.33 4 2 0 0 3 0 0 5 0 0 8 0 0 
XXO-X-OO- 3 -0.04 2 5 -0.73 1 8 0.73 10 
OO-XXOXOX 2 0.66 2 
OOX-X---- 3 0.73 2 5 0 0 6 0 0 7 0 0 8 0 0 
OOXXXO--- 6 0.73 14 7 0 0 8 0 0 
O-O--X--X 1 -0.73 1 3 -0.81 1 4 0 0 6 0 0 7 0 0 
OXOO-X--X 4 -0.73 1 6 0.66 1 7 0 0 
-OX-XO--- 0 0.15 5 3 0 0 6 0.81 15 7 0.73 1 8 0 0 
-OX-X-O-- 0 0.03 27 3 0 0 5 0 0 7 0.0 2 8 0 0 
-OX-X--O- 0 0.71 4 3 0 0 5 0 0 6 0 0 8 0 0 
XOX-XO-O- 3 0.66 12 6 0 0 8 0.73 6 
OOX-X-OX- 3 0.06 22 5 0 0 8 0 0 
X-O--XOOX 1 0.66 1 3 0 0 4 0 0 
XOO-X-XO- 3 0.73 17 5 0.66 2 8 0.73 19 
-O-OX-X-- 0 0.73 2 2 0 0 5 0.36 2 7 0 0 8 0.73 10 
-OOOX-X-X 0 0.73 1 5 0 0 7 0 0 
-O--XOX-- 0 0.0 2 2 0.81 47 3 0.0 2 7 0.73 1 8 0.73 3 
X-O-X-O-- 1 0 0 3 -0.04 2 5 0.59 22 7 0 0 8 0.81 8 
-O-----X- 0 0.05 14 2 0 0 3 0 0 4 0 0 5 0 0 6 0 0 8 0 0 
XOO----X- 3 0 0 4 0 0 5 0 0 6 0 0 8 0.69 2 
XOO--O-XX 3 0.66 2 4 0 0 6 0 0 
XOOXOO-XX 6 0.66 7 
-O--X-XO- 0 0.73 25 2 0 0 3 0 0 5 0 0 8 0 0 
-O--X-X-O 0 0.68 14 2 0 0 3 0.73 15 5 0 0 7 0 0 
XOO-X-X-O 3 0.73 28 5 0.0 1 7 0 0 
XO--XOX-O 2 0.73 2 3 0 0 7 0 0 
O-OXXOXOX 1 0.0 20 
-XO-O-X-- 0 0 0 3 0.7 3 5 0 0 7 0 0 8 0 0 
X-O-X---O 1 -0.67 11 3 -0.81 6 5 0.11 350 6 -0.08 9 7 -0.73 10 
----XXO-O 0 -0.73 1 1 -0.06 4 2 -0.73 1 3 0.81 17 7 0 0 
XO--XXO-O 2 -0.73 1 3 0 0 7 0.06 34 
-----OX-- 0 -0.04 2 1 0.24 6 2 0 0 3 0.0 1 4 0 0 7 0.0 2 8 0 0 
XO---OX-- 2 0.73 2 3 0 0 4 0 0 7 0 0 8 0 0 
XOXO-OX-- 4 0.73 8 7 -0.73 1 8 0 0 
X-OOXXO-- 1 0.66 7 7 0 0 8 0 0 
------XO- 0 0.31 5 1 0 0 2 -0.04 2 3 0 0 4 0.38 4 5 0.0 1 8 -0.04 2 
O-X---XO- 1 0.73 1 3 0 0 4 0.81 1 5 0 0 8 0 0 
OXXO--XO- 4 0.73 1 5 0 0 8 0 0 
-O-XXO--- 0 0.35 8 2 0 0 6 0 0 7 0.0 1 8 0 0 
--OXXO--- 0 -0.16 5 1 -0.03 32 6 -0.73 3 7 -0.24 3 8 0.1 7 
OX-OXOX-- 2 0.73 2 7 0 0 8 0 0 
--X-XO-O- 0 0.68 14 1 0 0 3 0 0 6 0 0 8 0 0 
X-X-XO-OO 1 0.73 5 3 0 0 6 0 0 
--X-XOO-- 0 0.62 35 1 0.66 642 3 0.04 18 7 0.07 10 8 0.0 13 
O-X-XOOX- 1 0.73 4 3 0.0 2 8 0 0 
--X-XO--O 0 0.51 7 1 0.71 21 3 0.22 3 6 0.81 40 7 0.73 1 
X-XOXOO-- 1 0.73 4 7 0.66 1 8 0 0 
X-XOXO--O 1 0.73 3 6 0 0 7 0 0 
X-X-XOOO- 1 0.73 4 3 0 0 8 0 0 
XXO-XOO-- 3 0 0 7 0.73 4 8 0 0 
X-X-XOO-O 1 0.73 5 3 0 0 7 0 0 
--XXXOO-O 0 -0.03 25 1 -0.73 14 7 0.03 733 
----XX-OO 0 -0.2 10 1 -0.81 2 2 -0.04 6 3 0.81 27 6 0 0 
XO--XX-OO 2 -0.04 2 3 0.73 11 6 0 0 
XX-OOXOOX 2 0.66 1 
O-O-X-X-- 1 0.18 49 3 -0.77 2 5 -0.81 1 7 -0.81 5 8 -0.24 3 
OO-XXOX-- 2 0.73 1 7 -0.73 1 8 0 0 
------X-O 0 0.57 14 1 0 0 2 0 0 3 0 0 4 0 0 5 0 0 7 0 0 
XO----X-O 2 0.73 3 3 0 0 4 0 0 5 0 0 7 0 0 
XOXO--X-O 4 0.73 3 5 0 0 7 0 0 
OO----X-X 2 0.73 2 3 0 0 4 -0.81 1 5 -0.81 1 7 0 0 
O--XX--O- 1 0.13 38 2 0.12 12 5 0 0 6 0 0 8 0.15 9 
OX-XXO-O- 2 0.03 316 6 0.03 40 8 0.0 12 
-XXOXO--O 0 0.73 3 6 0 0 7 0 0 
-XX-XOO-O 0 0.73 18 3 0.66 1 7 0.73 1 
-XX-XO-OO 0 0.73 3 3 0 0 6 0 0 
-XO-XXO-O 0 -0.04 2 3 0.73 3 7 0 0 
-O-XO-X-- 0 0.81 2 2 -0.73 1 5 0 0 7 0 0 8 0 0 
O-XXO---- 1 -0.1 7 5 -0.17 10 6 -0.36 4 7 -0.22 18 8 0.07 173 
O-XXOOXOX 1 0.0 210 
X----XO-O 1 -0.31 9 2 -0.36 4 3 -0.01 11 4 -0.03 38 7 0.07 16 
XXO--XO-O 3 0 0 4 0.66 1 7 0 0 
OXO-X-XO- 3 0.05 314 5 0.0 15 8 0.0 10 
O-X-X---O 1 -0.73 2 3 0.22 3 5 0.0 2 6 0.81 30 7 0.66 2 
OXXOX---O 5 -0.73 1 6 0.73 2 7 0 0 
X-OOXX--O 1 0.05 306 6 0.0 17 7 0.0 12 
OX-OXX--O 2 -0.73 2 6 0.66 3 7 0.73 5 
O-XXX-O-O 1 0 0 5 0.73 1 7 0.66 5 
OOXXX-OXO 5 0.66 61 
---XX-O-O 0 0 0 1 0 0 2 0.66 1 5 0.81 24 7 0 0 
OOX-XX--O 3 0.73 2 6 0 0 7 0 0 
O-XOXX--O 1 -0.73 1 6 0.73 4 7 0 0 
XOOOXXX-O 7 0.0 233 
OX-X-O--- 2 0.0 2 4 0 0 6 0 0 7 0 0 8 0 0 
OXOOXXX-O 7 0.66 19 
-XO-X---O 0 -0.14 7 3 -0.04 2 5 -0.01 5 6 -0.73 2 7 0.81 32 
XXO-X-O-O 3 0 0 5 0 0 7 0.73 3 
-X-OX---O 0 0.73 1 2 0.73 2 5 0.0 1 6 0.73 2 7 0.81 28 
-X--X-O-O 0 -0.04 4 2 -0.73 1 3 -0.15 5 5 -0.81 1 7 0.81 21 
-X--X--OO 0 -0.58 21 2 -0.53 33 3 -0.46 22 5 -0.64 24 6 0.03 1011 
XXO-X--OO 3 -0.73 3 5 -0.4 31 6 -0.44 5 
-O--X--XO 0 -0.0 1116 2 0.04 1179 3 0.03 1858 5 0.07 63360 6 -0.58 1131 
XOO-X--XO 3 -0.45 5 5 0.04 216 6 -0.73 2 
OXX-X--OO 3 -0.04 2 5 -0.73 1 6 0 0 
-XXOX--OO 0 0.73 16 5 0 0 6 0.73 1 
OXOXX---O 5 0.73 4 6 0 0 7 0 0 
-XOOXX--O 0 0.05 38 6 0 0 7 0 0 
OX-OXXXOO 2 0.66 7 
X-OO--X-- 1 -0.08 9 4 0.1 28 5 0.0 3 7 0.08 17 8 0.69 19 
XXOOO-X-- 5 0.0 42 7 -0.73 2 8 -0.73 1 
-XOXX-OO- 0 0.66 1 5 0 0 8 0 0 
OXO-X-X-O 3 -0.73 2 5 0.66 5 7 0 0 
O---X-X-O 1 -0.73 1 2 0.81 18 3 0.0 2 5 0.73 1 7 0.73 1 
O-OXX-X-O 1 -0.73 1 5 0.73 3 7 -0.73 1 
X-O-XX-OO 1 -0.36 4 3 0.73 11 6 0.0 1 
X-OOXXXOO 1 0.0 72 
--OXX---O 0 -0.04 2 1 -0.04 2 5 0.81 23 6 0 0 7 -0.04 2 
OX-XX--OO 2 -0.73 1 5 0.73 11 6 0.66 1 
OX--XX-OO 2 -0.73 1 3 0.73 6 6 0 0 
OX--X-XOO 2 0.73 27 3 0 0 5 0 0 
O--XX---O 1 0.61 13 2 0 0 5 0 0 6 0.0 2 7 0.73 10 
-XO-X-XOO 0 -0.44 46 3 -0.56 33 5 0.03 859 
XXOOX-XOO 5 0.0 80 
O-XXX--OO 1 -0.73 2 5 0.73 3 6 0.73 12 
-OXXO---- 0 -0.01 9 5 0.0 17 6 0 0 7 -0.01 6 8 -0.73 1 
OXO-XXXOO 3 0.66 53 
-X-OX-XOO 0 0.0 3 2 0.73 23 5 0.22 3 
-X--XOXOO 0 -0.73 3 2 0.73 24 3 0 0 
-XOOXXXOO 0 0.0 881 
OOX-X--XO 3 0.66 5 5 0.66 3 6 0.73 27 
OX-O--X-- 2 -0.73 1 4 0.73 2 5 0 0 7 0 0 8 0 0 
OXOXX-XOO 5 0.66 28 
XO----OX- 2 0.13 5 3 0 0 4 0 0 5 0 0 8 0 0 
XOOO-XX-- 4 0.16 4 7 0 0 8 0 0 
XOOOXXXO- 8 0.66 7 
X---OXOOX 1 -0.73 3 2 0.73 11 3 -0.73 2 
-OXOX--XO 0 0.09 23 5 0 0 6 0.73 13 
XOXOXO-XO 6 0.66 51 
X-O-OX--- 1 -0.09 8 3 -0.81 1 6 0.73 1 7 0 0 8 0 0 
--O-X--XO 0 -0.81 24 1 0.81 939 3 -0.44 21 5 0.62 20 6 -0.73 15 
O-OXX--XO 1 0.73 5 5 0 0 6 0 0 
---OX--XO 0 0.21 46 1 0.81 860 2 0.26 36 5 0.1 22 6 0.49 19 
XO-OX--XO 2 0.0 13 5 0.0 5 6 0.07 124 
O-XOX--XO 1 0.73 2 5 0 0 6 0 0 
----XO-XO 0 -0.7 20 1 0.81 1012 2 0.66 29 3 -0.52 19 6 -0.62 17 
XO--XO-XO 2 0.03 870 3 -0.69 35 6 -0.6 21 
----X-OXO 0 0.09 64 1 0.81 988 2 0.06 24 3 0.32 47 5 0.67 23 
XO--X-OXO 2 0.0 46 3 0.03 837 5 0.03 47 
-X-OXXO-O 0 -0.04 2 2 -0.73 1 7 0.73 2 
-OX-XO-XO 0 0.22 3 3 0 0 6 0.73 25 
-O-XX---O 0 -0.24 3 2 0.68 16 5 0 0 6 0.73 3 7 0.0 1 
XO-XXO--O 2 0.0 5 6 0.73 20 7 -0.73 3 
X-O-X-OXO 1 0.73 15 3 0 0 5 0 0 
X--OX-OXO 1 0.73 15 2 0.66 1 5 0.0 1 
XOOOXX--- 6 0.0 20 7 0.0 1 8 0 0 
XOOXX-OXO 5 0.66 45 
X---XOOXO 1 0.73 21 2 0.0 1 3 0 0 
XO-XXOOXO 2 0.0 1053 
O---X--OX 1 0.0 19 2 0 0 3 0 0 5 0 0 6 -0.73 1 
O---O-X-X 1 -0.73 1 2 0.24 3 3 -0.73 1 5 0 0 7 0.81 7 
OX-OO-X-X 2 -0.73 1 5 0.66 1 7 0 0 
--O-X-XO- 0 0.37 56 1 -0.73 1 3 0.0 9 5 0.0 1 8 -0.36 2 
-XO-X-O-- 0 0.66 1 3 0 0 5 0 0 7 0.81 2 8 0 0 
--O----X- 0 -0.15 5 1 0.38 6 3 0 0 4 0 0 5 0 0 6 0 0 8 0 0 
XOOO---XX 4 0.73 1 5 0 0 6 0 0 
-XOXX--OO 0 -0.73 1 5 0.73 2 6 0 0 
XO-OX-X-O 2 0.73 58 5 0.0 5 7 0.0 1 
X-O--O-X- 1 -0.24 3 3 -0.73 1 4 -0.81 1 6 0.36 4 8 0 0 
XXOO-O-X- 4 0.73 2 6 0 0 8 0 0 
-OO-X---X 0 0.81 4 3 0 0 5 0 0 6 0 0 7 -0.81 1 
--OOX---X 0 0.81 1 1 0 0 5 0 0 6 0 0 7 0 0 
O--OXX-XO 1 0.73 17 2 0 0 6 0 0 
-O-OXX-XO 0 0.0 1595 2 0.03 56307 6 0.03 2236 
---O---X- 0 -0.04 2 1 -0.73 1 2 -0.81 1 4 0.36 13 5 0 0 6 0 0 8 0 0 
XO-O---X- 2 0.09 15 4 0 0 5 0 0 6 0 0 8 0 0 
XOXOO--X- 5 0.04 32 6 -0.73 1 8 -0.73 3 
O--XX-OXO 1 0.73 15 2 0.66 2 5 0 0 
----O--X- 0 -0.01 120 1 -0.24 13 2 -0.18 17 3 -0.01 19 5 -0.02 34 6 -0.07 12 8 -0.01 659 
XO--O--X- 2 -0.24 3 3 0.05 14 5 0 0 6 0 0 8 0 0 
XOXOOX-XO 6 0.0 945 
OX-XOX-O- 2 -0.73 1 6 -0.08 9 8 0.22 3 
-O-XX-OXO 0 0.0 15 2 0.07 35 5 0.73 65 
--OXX-OXO 0 -0.04 4 1 0.73 1 5 0 0 
--O-X-X-O 0 -0.12 18 1 -0.54 28 3 -0.52 21 5 0.06 815 7 -0.55 24 
XX-OX-O-O 2 0.73 3 5 0 0 7 0 0 
OXXXOOOX- 8 0.0 17 
O-X-XO-XO 1 0.73 6 3 0.66 1 6 0 0 
-OXXXOOXO 0 0.0 3565 
----OX--- 0 -0.21 15 1 0.02 83 2 -0.05 29 3 -0.6 15 6 -0.08 52 7 -0.03 574 8 -0.15 5 
XO--OX--- 2 -0.49 5 3 -0.73 5 6 -0.27 3 7 0.01 109 8 -0.27 3 
XOXOOX--- 6 -0.73 2 7 0.0 1 8 0.73 13 
---XXOOXO 0 0 0 1 0.73 1 2 0 0 
--X-XOOXO 0 0.16 4 1 0.73 47 3 0.0 2 
-X-XXOOO- 0 -0.04 2 2 -0.07 10 8 0.0 2 
-OX-X-OXO 0 0.0 647 3 0.02 1393 5 0.0 43 
X-OOX-X-O 1 -0.73 6 5 0.0 52 7 -0.44 5 
OOX-O-X-X 3 -0.73 1 5 0.73 5 7 0 0 
O-X-X-OXO 1 0.73 35 3 0.66 2 5 0.66 1 
O-XXXOOXO 1 0.66 37 
X-OO----X 1 0 0 4 0 0 5 0 0 6 0.69 2 7 0 0 
X-OO-OX-X 1 0.66 1 4 0 0 7 0.73 3 
XXOO-OXOX 4 0.66 2 
OXOXOXXO- 8 0.0 22 
XX-OX-OO- 2 0.73 7 5 0 0 8 0.73 1 
-X-OX-O-- 0 0.69 2 2 -0.04 2 5 0.73 1 7 0.81 25 8 -0.81 2 
-X------O 0 0.0 3 2 -0.73 1 3 -0.02 6 4 0.3 8 5 -0.04 2 6 -0.08 9 7 0 0 
-OOXX--XO 0 -0.73 2 5 0.73 41 6 -0.73 4 
-O-XXO-XO 0 -0.7 66 2 0.04 1576 6 -0.64 63 
---XO--OX 0 -0.81 1 1 0.29 9 2 0 0 5 0 0 6 0 0 
XOO-XXOXO 3 0.66 28 
OO-XXOXXO 2 0.66 4 
--O-X-O-X 0 0.81 1 1 0 0 3 0 0 5 0 0 7 0 0 
OO--X-XXO 2 0.73 49 3 -0.73 3 5 -0.73 1 
-O--XOXXO 0 -0.73 2 2 0.73 25 3 -0.73 1 
--O-X--OX 0 0.81 2 1 0 0 3 0.73 1 5 0 0 6 0 0 
----OXO-X 0 -0.04 2 1 -0.81 1 2 0.81 7 3 0 0 7 0 0 
XO--OXO-X 2 0.73 1 3 0 0 7 0 0 
OOXOXX-XO 6 0.66 2354 
--XOXO-XO 0 0.66 8 1 0 0 6 0 0 
OO--XX-XO 2 0.66 39 3 0.73 1137 6 -0.65 53 
-OXOXXOXO 0 0.0 54066 
-OO-XX-XO 0 0.05 60 3 0.73 1224 6 -0.71 39 
-OO-X-XXO 0 -0.69 989 3 -0.73 48 5 -0.71 32 
XOOOX-XXO 5 0.0 196 
XX-OX--OO 2 0.73 14 5 -0.73 1 6 0 0 
-XX----OO 0 0.81 3 3 -0.73 1 4 -0.81 1 5 0 0 6 0.24 3 
OXX---XOO 3 -0.73 1 4 0.73 1 5 0 0 
--O-OX--X 0 -0.81 3 1 -0.08 9 3 -0.73 10 6 0.03 401 7 -0.45 13 
OX--O--X- 2 -0.73 1 3 -0.73 1 5 0 0 6 0 0 8 0.36 2 
OXO-OX--X 3 -0.73 1 6 0.0 34 7 -0.73 2 
O-X-O--X- 1 -0.73 1 3 -0.78 3 5 -0.77 2 6 -0.73 1 8 0.0 22 
OXO-OX-X- 3 0 0 6 0 0 8 -0.04 2 
OXOOOX-XX 6 0.66 3 
O--XOX--- 1 0 0 2 -0.04 2 6 0 0 7 0 0 8 0 0 
OOXXOX--- 6 -0.73 1 7 -0.73 1 8 0.73 7 
O-OXOX--X 1 -0.73 7 6 -0.73 1 7 -0.73 2 
---OX--OX 0 0 0 1 0.66 1 2 0 0 5 0 0 6 0 0 
OX-OX--OX 2 -0.04 2 5 -0.55 4 6 0.0 43 
X-X--O-O- 1 0.81 4 3 0 0 4 0 0 6 0 0 8 0 0 
O-O-X-XOX 1 0.0 3 3 -0.73 1 5 -0.73 1 
-OX-X---O 0 0.0 32 3 0.0 2 5 0.03 21 6 0.81 36 7 0.0 1 
--X-X-O-O 0 -0.39 34 1 -0.57 32 3 -0.44 34 5 -0.55 34 7 0.07 1030 
---XXO--O 0 -0.67 29 1 -0.72 21 2 0.07 848 6 -0.66 20 7 -0.49 10 
O--XO--X- 1 -0.73 1 2 -0.77 2 5 -0.73 1 6 -0.73 1 8 0.22 15 
---OOX-X- 0 -0.02 3 1 -0.73 1 2 0.12 6 6 0 0 8 -0.04 2 
XO-OOX-X- 2 0.12 11 6 0 0 8 0 0 
--XXXOOO- 0 -0.04 2 1 0 0 8 0 0 
-X-XXO-OO 0 -0.73 1 2 -0.73 1 6 -0.67 22 
-O-XOX--- 0 0.73 1 2 0 0 6 0 0 7 0.66 1 8 0 0 
O---XXO-- 1 -0.04 2 2 -0.81 1 3 0.81 4 7 0 0 8 0 0 
O---OX-X- 1 -0.38 4 2 0.0 2 3 -0.73 2 6 -0.26 23 8 0.56 17 
OX-OOX-X- 2 -0.73 2 6 -0.27 3 8 -0.73 1 
---OO--XX 0 -0.73 1 1 -0.04 2 2 -0.04 2 5 0.66 2 6 0.81 14 
XO-OO--XX 2 -0.73 1 5 0.66 1 6 0 0 
-XOOX-X-O 0 -0.73 1 5 0 0 7 0.73 4 
-XO-OX--- 0 -0.49 5 3 -0.55 4 6 0.07 37 7 -0.77 2 8 -0.15 5 
X-XOXOOXO 1 0.66 7 
-XOOO--XX 0 -0.73 1 5 -0.04 2 6 0.73 3 
---XX--OO 0 -0.01 6 1 -0.73 2 2 -0.81 2 5 0.81 18 6 0 0 
XO-XX--OO 2 -0.04 2 5 0.73 4 6 0 0 
---OX-X-O 0 0 0 1 0 0 2 0 0 5 0 0 7 0.72 18 
O--OX-XXO 1 0.73 5 2 0 0 5 0 0 
----XOX-O 0 -0.04 2 1 -0.77 2 2 0.81 18 3 0 0 7 0 0 
----X-XOO 0 0.22 13 1 -0.73 1 2 0.81 23 3 0.66 1 5 0 0 
XO--X-XOO 2 0.73 5 3 0 0 5 0 0 
-OXXXO--O 0 0.07 9 6 0.73 28 7 0.66 1 
--XOO--X- 0 -0.36 2 1 -0.73 2 5 0.69 2 6 0 0 8 0 0 
X---X--OO 1 -0.09 17 2 -0.04 6 3 -0.73 1 5 -0.81 1 6 0.73 20 
OO-XX---- 2 0.73 5 5 0 0 6 0 0 7 0 0 8 -0.81 1 
X---X-O-O 1 -0.68 12 2 -0.61 20 3 -0.57 17 5 -0.76 17 7 0.06 822 
XX--XOO-O 2 0.73 1 3 0 0 7 0 0 
X-O---O-X 1 -0.04 2 3 -0.04 2 4 0.81 2 5 0 0 7 0 0 
XXOO--O-X 4 0.73 2 5 0 0 7 0 0 
--OOXX-XO 0 0.11 6 1 0.73 17 6 0.66 1 
X-O-XXO-O 1 -0.73 1 3 0.73 23 7 0.66 1 
O--XXO-XO 1 0.73 3 2 0 0 6 0 0 
-X--X-OO- 0 -0.3 3 2 -0.73 1 3 -0.81 1 5 -0.11 7 8 -0.73 1 
--XOX---O 0 0.66 11 1 0 0 5 0 0 6 0.81 19 7 0.33 2 
-------XO 0 0.15 18 1 -0.73 1 2 0 0 3 0 0 4 0 0 5 0 0 6 0 0 
XO-----XO 2 0.11 6 3 -0.73 1 4 0.0 3 5 0.0 2 6 0.14 72 
XOXO---XO 4 0.07 9 5 0 0 6 0 0 
O---O--XX 1 -0.73 1 2 0.17 8 3 0 0 5 0 0 6 0.81 5 
OO-XX-X-O 2 0.73 16 5 0 0 7 0 0 
--XXXO-OO 0 -0.27 3 1 -0.45 5 6 0.73 19 
--XOO---X 0 0.73 1 1 0 0 5 0 0 6 0 0 7 0 0 
X-XOO--OX 1 0.73 1 5 0 0 6 0 0 
OX-XX-O-O 2 -0.73 1 5 0.73 14 7 0.73 1 
O--XXOX-O 1 -0.73 1 2 0.73 1 7 0 0 
OX-XXOXOO 2 0.66 4 
OX--XOX-O 2 0.73 3 3 -0.73 1 7 0 0 
O---O-XX- 1 -0.73 1 2 -0.04 2 3 0.0 2 5 0 0 8 0 0 
OXO-O-XX- 3 -0.73 1 5 0 0 8 0 0 
---XXO-O- 0 -0.02 4 1 -0.36 2 2 -0.18 4 6 0.0 7 8 0 0 
-O--XXO-- 0 0.18 4 2 -0.73 1 3 0.81 6 7 0.2 7 8 0 0 
---O-X--- 0 0.32 9 1 0 0 2 0 0 4 0 0 6 0 0 7 0 0 8 0 0 
XO-O-X--- 2 0.23 9 4 0 0 6 0.0 1 7 0 0 8 0 0 
OOX-O--XX 3 0 0 5 0 0 6 0.73 2 
--X-X--OO 0 -0.73 1 1 -0.81 4 3 -0.28 9 5 -0.24 3 6 0.81 40 
XOX-X--OO 3 -0.73 1 5 -0.73 4 6 0.73 33 
--OXOX--- 0 -0.04 2 1 0 0 6 0 0 7 0 0 8 0 0 
XXOOOXX-O 7 0.0 108 
X-O--X--O 1 -0.01 5 3 0.24 3 4 0.0 1 6 0.0 1 7 0 0 
XXOO-X--O 4 0.0 6 6 0.0 1 7 0.0 1 
-O--O--XX 0 -0.02 3 2 0.13 11 3 0 0 5 0 0 6 0 0 
XOO-O--XX 3 -0.04 2 5 -0.73 1 6 0.73 2 
X-O-X-XOO 1 -0.24 3 3 0.73 16 5 0.0 1 
--O-O--XX 0 -0.73 2 1 -0.24 3 3 -0.73 1 5 -0.73 1 6 0.81 12 
-XOOX---- 0 0.68 15 5 0.69 2 6 0.15 5 7 0.81 62 8 0 0 
--XOX-OXO 0 0.09 23 1 0.73 27 5 -0.73 4 
XOOO-X--X 4 0.73 1 6 0 0 7 0 0 
X--OXX-OO 1 -0.73 1 2 -0.04 4 6 0.33 2 
X---XO--O 1 -0.81 1 2 0.73 20 3 -0.81 1 6 0 0 7 -0.81 1 
--XXOXOO- 0 -0.73 1 1 0.66 1 8 0 0 
--X-OO--X 0 -0.81 2 1 -0.36 2 3 -0.36 2 6 -0.02 4 7 -0.01 19 
XX-O-XO-O 2 0.73 1 4 0 0 7 0 0 
XX--O---O 2 0.81 7 3 0 0 5 -0.73 1 6 0 0 7 0 0 
X-OX-XO-O 1 -0.73 1 4 0.73 3 7 0 0 
OXX-OO--X 3 0.0 41 6 -0.73 5 7 -0.73 1 
---OXXOXO 0 0.0 26 1 0.73 15 2 -0.73 1 
XO-OXXOXO 2 0.0 303 
OXOOXX--- 6 0.33 2 7 0.73 4 8 0 0 
-OOXX-X-O 0 0.73 4 5 0 0 7 0 0 
---OXO-X- 0 0 0 1 0.81 2 2 0 0 6 0 0 8 0 0 
OOX-OX-X- 3 -0.73 1 6 -0.73 1 8 0.73 5 
-OXXX--OO 0 -0.73 1 5 0.73 4 6 0 0 
OXOOXX-OX 6 0.0 22 
-XX-O-O-- 0 0.81 3 3 0 0 5 0 0 7 0 0 8 0 0 
XX-O--O-- 2 0.81 1 4 0.73 1 5 0 0 7 0 0 8 0 0 
XOOXXOOX- 8 0.66 41 
X--OXXO-O 1 -0.73 3 2 -0.13 11 7 0.04 52 
XO-XOXO-- 2 -0.7 24 7 -0.73 1 8 -0.73 1 
X--O--O-X 1 0.73 3 2 0 0 4 0 0 5 0.0 2 7 0 0 
XO-O-XO-X 2 0.73 1 4 0 0 7 0 0 
---XOXO-- 0 -0.73 3 1 -0.73 1 2 -0.73 1 7 -0.73 1 8 -0.62 24 
O--XOXOX- 1 -0.73 1 2 -0.73 1 8 0 0 
X--X--O-O 1 -0.73 2 2 -0.24 3 4 -0.73 1 5 -0.81 1 7 -0.03 24 
XXOX--O-O 4 -0.73 2 5 -0.73 1 7 -0.73 1 
XX--O-O-- 2 0.81 2 3 0 0 5 0 0 7 0 0 8 0 0 
X-O--OX-- 1 -0.04 2 3 0.81 3 4 0 0 7 0 0 8 0 0 
XXOO-OX-- 4 -0.04 2 7 -0.73 1 8 0 0 
XO-O-XOX- 2 0.0 2 4 0 0 8 0 0 
XOXO-XOXO 4 0.0 25 
XX--O--O- 2 0.81 2 3 0 0 5 0 0 6 0 0 8 0 0 
XO-XO-O-X 2 -0.56 13 5 -0.73 2 7 -0.55 4 
XX-O---O- 2 0.81 2 4 0 0 5 0 0 6 0 0 8 0 0 
X-XOOXO-- 1 0 0 7 0 0 8 0.73 4 
X-XO-XOO- 1 0.73 1 4 0 0 8 0 0 
XX--OXO-O 2 0.73 3 3 0 0 7 0 0 
X-XO-XO-O 1 0.73 1 4 0 0 7 0 0 
XOXX--O-O 4 -0.73 5 5 -0.73 2 7 0.0 21 
OXO--X--- 3 -0.15 5 4 0.73 3 6 0 0 7 0 0 8 0 0 
OXOX-X-O- 4 0.73 1 6 0.0 1 8 0 0 
-XOX----O 0 -0.73 1 4 0 0 5 -0.04 2 6 0 0 7 0 0 
OXOXOX--- 6 -0.12 6 7 -0.73 1 8 0 0 
X-X-OXOO- 1 0.73 2 3 0 0 8 0 0 
XOXOO-OXX 5 0.66 6 
XX----OO- 2 0.81 2 3 0 0 4 0 0 5 0 0 8 0 0 
XX----O-O 2 0.81 3 3 0 0 4 0 0 5 0 0 7 0 0 
X---O-O-X 1 -0.81 1 2 0.73 3 3 0 0 5 0 0 7 0 0 
OO-XOX-X- 2 -0.73 1 6 -0.73 1 8 -0.04 2 
XXOO--OX- 4 0.73 2 5 0 0 8 0 0 
-X-XOXO-O 0 -0.73 1 2 0 0 7 -0.73 1 
OOX---OXX 3 0.66 1 4 0 0 5 0 0 
OOXXO-OXX 5 0.66 7 
-X-OX--O- 0 0.62 110 2 0.68 524 5 -0.55 12 6 0.39 9 8 0.08 17 
XO-XX-O-O 2 -0.73 2 5 0.73 5 7 0 0 
OXOX-X--O 4 0.73 1 6 0 0 7 -0.04 2 
OXOX-XOXO 4 0.66 1 
X-OOX-XO- 1 0.07 20 5 0.06 11 8 0.73 18 
-XOXX-O-O 0 -0.73 1 5 0.73 1 7 0 0 
-O--O-X-X 0 -0.05 8 2 -0.73 1 3 -0.73 1 5 -0.04 6 7 0 0 
XOO-O-X-X 3 0.73 3 5 0 0 7 0 0 
X-OXO---- 1 -0.81 2 5 -0.81 4 6 0.81 26 7 0 0 8 0 0 
--O-O-X-X 0 0.22 3 1 0 0 3 0 0 5 0 0 7 0.81 7 
O--XO-X-- 1 -0.73 1 2 -0.05 17 5 -0.73 1 7 -0.73 1 8 -0.73 1 
OX-XO--OX 2 0.06 11 5 0 0 6 0 0 
OXXXOO-OX 6 0.0 63 
---OO-X-X 0 -0.73 1 1 0.12 5 2 -0.04 4 5 0 0 7 0.81 6 
XO-OO-X-X 2 -0.73 2 5 -0.04 2 7 0.73 4 
X--OO---X 1 -0.73 1 2 0.73 1 5 0 0 6 0 0 7 0 0 
-X-XXOO-O 0 -0.73 2 2 -0.73 1 7 0.73 1 
----O-XOX 0 -0.72 9 1 -0.0 243 2 -0.67 7 3 -0.16 14 5 -0.29 11 
XOOOOXX-X 7 0.66 9 
-X-XO-OOX 0 0.66 1 2 0 0 5 0 0 
XX-XOOOOX 2 0.66 2 
X-X-OXO-O 1 0.73 13 3 0 0 7 0 0 
XX--OXOO- 2 0.73 1 3 0 0 8 0 0 
OX-O----X 2 -0.73 1 4 -0.36 2 5 0.7 3 6 0 0 7 0 0 
OX--O-XOX 2 0.11 6 3 0 0 5 0 0 
OXXOO-XOX 5 0.66 27 
O-O-XX-XO 1 0.73 4 3 0 0 6 0 0 
-X-O----- 0 0.75 9 2 0 0 4 0 0 5 0 0 6 0 0 7 0 0 8 0 0 
XX-O----O 2 0.81 2 4 0 0 5 0 0 6 0 0 7 0 0 
OXOOOXX-X 7 0.66 9 
-XO-O-XOX 0 0.03 313 3 0.0 7 5 0.0 10 
XXOOO-XOX 5 0.0 307 
--O-XXXOO 0 0.03 24 1 0 0 3 0 0 
XOO-XXXOO 3 0.66 9 
O-X-XX-OO 1 -0.73 2 3 0.73 7 6 0 0 
O-O-XX--- 1 0.55 4 3 0 0 6 0 0 7 0 0 8 0 0 
--OOX-X-- 0 0.0 12 1 0 0 5 0 0 7 0 0 8 0 0 
O--XO---X 1 0.16 4 2 0 0 5 0 0 6 0 0 7 0 0 
OX-OO--XX 2 -0.73 1 5 0 0 6 0 0 
O---X-XO- 1 0.11 54 2 0 0 3 0.09 8 5 0.0 5 8 0 0 
O-O-XXX-O 1 0.66 2 3 0.73 15 7 -0.73 1 
--OXO---X 0 0.0 2 1 0 0 5 0 0 6 0.73 1 7 0 0 
O-XOO--XX 1 0 0 5 0 0 6 0.73 3 
XOO-OXX-- 3 0.73 2 7 0 0 8 0 0 
OX-XOO--X 2 0.0 8 6 0 0 7 0 0 
XO-OX-XO- 2 0.73 5 5 0 0 8 0 0 
----OO-XX 0 -0.15 5 1 -0.02 3 2 -0.73 1 3 0.02 28 6 0.81 5 
XO--OO-XX 2 -0.73 1 3 0.07 19 6 0 0 
X-O-XOXO- 1 -0.73 1 3 0.73 9 8 0 0 
XOO---X-- 3 0.81 8 4 0 0 5 0 0 7 0 0 8 0 0 
OXOO-XX-- 4 0.33 2 7 0 0 8 0 0 
O-O---XX- 1 -0.73 1 3 -0.81 2 4 -0.81 1 5 -0.81 1 8 0.81 3 
OXO--OXX- 3 -0.73 1 4 0.73 1 8 0 0 
-OO-XX--- 0 0.29 5 3 0 0 6 0 0 7 0 0 8 0 0 
-O-OX-XXO 0 0.0 2 2 0.73 35 5 0.11 12 
OO-OXXXXO 2 0.66 95 
-OOOXXXXO 0 0.0 2836 
OOX-O-XX- 3 -0.04 2 5 -0.73 1 8 0.73 5 
OOXXOOXX- 8 0.66 3 
-X--OXO-- 0 -0.81 1 2 0.44 10 3 -0.73 1 7 -0.73 1 8 -0.3 9 
--OOX-XXO 0 -0.73 2 1 0.73 29 5 0.0 1 
XO-OXOXXO 2 0.66 18 
-OO-XXX-O 0 0.05 84 3 0.73 23 7 -0.58 5 
O-X-O-XOX 1 0.15 9 3 0 0 5 0 0 
OXX-OOXOX 3 0.0 451 
O-X-OX--- 1 0.24 3 3 -0.79 7 6 -0.26 11 7 0.06 9 8 0.81 72 
--X--OO-X 0 0.54 43 1 0.0 1 3 0 0 4 0.0 1 7 0 0 
XOX--OO-X 3 0.0 13 4 0.73 95 7 0.15 18 
-XO-XX-OO 0 -0.36 2 3 0.73 9 6 0.66 1 
-O-XO---X 0 -0.01 6 2 0 0 5 0 0 6 0 0 7 0 0 
XO-XOO--X 2 -0.12 6 6 0 0 7 0.06 11 
-X-OXX-OO 0 -0.06 12 2 -0.73 1 6 0.0 18 
O-OX--X-- 1 -0.24 3 4 0 0 5 -0.81 1 7 0 0 8 0 0 
OXOX-OX-- 4 -0.08 9 7 0 0 8 0 0 
OX--OO-XX 2 -0.36 2 3 0.22 3 6 0 0 
OXX-OOOXX 3 0.0 13 
XO-XOOOXX 2 0.0 45 
X-OOX--XO 1 0.73 4 5 0 0 6 0 0 
X-OXOO--X 1 -0.73 1 6 0.73 1 7 0 0 
X--X-OO-- 1 -0.73 1 2 0.73 2 4 0 0 7 0 0 8 0 0 
XXOX-OO-- 4 -0.73 2 7 -0.73 1 8 -0.73 1 
-XX---O-O 0 0.81 1 3 0 0 4 0 0 5 0 0 7 0 0 
OX-O---X- 2 -0.73 1 4 0 0 5 0 0 6 0.0 2 8 0 0 
OX---X-O- 2 -0.73 1 3 0 0 4 0.46 3 6 0 0 8 0.0 1 
OXXO-X-O- 4 -0.73 1 6 0.66 3 8 0 0 
OO-XO-XX- 2 -0.73 2 5 -0.73 1 8 0.73 1 
----XOOX- 0 0.26 8 1 0.81 15 2 0.0 1 3 0.73 1 8 0.36 2 
XO--XOOX- 2 0.05 12 3 0.19 7 8 0 0 
X--OXO-XO 1 0.73 2 2 0 0 6 0 0 
--XOXX-OO 0 -0.73 1 1 -0.04 2 6 0.73 4 
O-X-OO-XX 1 -0.73 1 3 0.05 12 6 0.73 1 
O--XOXO-X 1 0 0 2 0 0 7 0.66 1 
OO-XOXOXX 2 0.66 2 
-OXXXOO-- 0 0.0 12 7 0.0 1 8 0 0 
XO-X-XO-O 2 -0.73 1 4 0.73 2 7 0 0 
XOOO--XX- 4 0.0 2 5 0 0 8 0.73 3 
----OOXX- 0 -0.73 1 1 -0.04 2 2 -0.73 1 3 0.69 2 8 0 0 
XO--OOXX- 2 -0.73 1 3 0 0 8 0 0 
O---OXX-- 1 -0.24 3 2 -0.77 2 3 -0.73 1 7 -0.04 2 8 0.71 5 
OXO-OXX-- 3 -0.15 5 7 -0.04 2 8 0.13 10 
OOX-XXOXO 3 0.66 7 
O-X-XXO-O 1 -0.73 2 3 0.73 17 7 -0.73 1 
-XOXO--OX 0 -0.04 2 5 0.0 2 6 0.0 1 
XXOXOO-OX 6 0.66 4 
OXO-OXXOX 3 0.0 375 
OXX-O-XO- 3 -0.29 25 5 -0.73 13 8 0.03 458 
-O--XXOXO 0 0.03 61 2 0.02 32 3 0.73 1233 
OOX-OXX-- 3 -0.73 1 7 -0.73 1 8 0.73 4 
OXOOOXXX- 8 0.66 3 
OO--XXX-O 2 0.73 1 3 0 0 7 -0.73 1 
-XXOOXO-- 0 0.73 1 7 0 0 8 0 0 
-O--X-OX- 0 0.11 63 2 0.12 22 3 0.2 344 5 0.17 8 8 -0.73 4 
XOO-X-OX- 3 0.66 14 5 0.66 1 8 0 0 
OO--OXXX- 2 -0.04 2 3 -0.73 1 8 0.73 4 
OOXOOXXX- 8 0.66 6 
O--XOO-XX 1 0.15 9 2 0.0 1 6 0 0 
-O-XOO-XX 0 0.0 7 2 0.33 2 6 0 0 
XO-----OX 2 -0.81 1 3 -0.81 1 4 0.81 3 5 -0.73 1 6 0 0 
XOO--X-OX 3 -0.73 1 4 0 0 6 0 0 
---XOO--X 0 0.0 7 1 0.0 1 2 0.11 6 6 0 0 7 0.0 1 
OO-XO--XX 2 0.66 2 5 0 0 6 0 0 
OOXXOO-XX 6 0.66 13 
XX-OXOXOO 2 0.66 2 
---OXOXXO 0 -0.04 2 1 0 0 2 0 0 
X-OX----O 1 0.73 1 4 0 0 5 0 0 6 0 0 7 0 0 
O-X-O-OXX 1 -0.73 3 3 0.04 37 5 0 0 
-----XO-- 0 0.04 28 1 0 0 2 0 0 3 -0.03 6 4 -0.36 2 7 0 0 8 0 0 
X-OXX-OO- 1 0 0 5 0.73 3 8 0 0 
--O-XOX-- 0 -0.04 4 1 0 0 3 0 0 7 0 0 8 0.73 2 
OOX-XXO-- 3 0.73 2 7 -0.73 1 8 0 0 
OXO-XX-O- 3 0.73 11 6 0 0 8 0 0 
-XXOX-O-O 0 0.73 2 5 0 0 7 0 0 
-XXOXOO-- 0 0.73 18 7 0 0 8 0 0 
-OXOXX--O 0 0.08 17 6 0.73 7 7 0.0 1 
OXXOXX-OO 6 0.66 2 
-X---O--- 0 0.31 13 2 0 0 3 0.0 1 4 0 0 6 0.36 2 7 0 0 8 0 0 
OX-OXX-O- 2 -0.73 1 6 0.08 17 8 -0.73 1 
O-XO-X--- 1 -0.81 2 4 -0.81 1 6 -0.36 4 7 -0.04 2 8 0.81 23 
OOXO-XX-- 4 0.73 3 7 0 0 8 0 0 
-OX-XXO-O 0 -0.73 4 3 0.73 9 7 0.66 1 
OXOO--XX- 4 0.73 1 5 0 0 8 0 0 
XOXX-OOXO 4 0.0 18 
-OX-XX-OO 0 -0.73 1 3 0.73 4 6 0.73 1 
-XX-XOOO- 0 0.73 63 3 -0.73 2 8 0.0 1 
-X--OOXOX 0 -0.62 13 2 -0.73 11 3 0.07 186 
XXO-OOXOX 3 0.66 14 
X-O---X-O 1 0.0 1 3 0.81 2 4 0 0 5 0 0 7 0 0 
--O-X-OX- 0 0.68 7 1 0 0 3 0 0 5 0 0 8 0 0 
-OXXX-O-O 0 -0.73 1 5 0.73 11 7 0.0 2 
XOXO--O-X 4 0.73 13 5 0 0 7 0 0 
--XOXXO-O 0 -0.65 35 1 -0.73 4 7 -0.73 1 
---OX-OX- 0 0.49 55 1 0 0 2 -0.81 4 5 -0.81 2 8 0 0 
X-OOX-OX- 1 0.73 3 5 0 0 8 0.73 1 
X-XOX-O-O 1 0.73 6 5 0 0 7 0 0 
OOXXX-O-- 5 0.73 4 7 0 0 8 0 0 
X-OO---X- 1 -0.73 2 4 0.0 3 5 0 0 6 0 0 8 0 0 
XXOOO--X- 5 -0.73 4 6 -0.73 1 8 -0.73 1 
X-XOX--OO 1 0.73 2 5 0 0 6 0 0 
OOXXX--O- 5 0.73 3 6 0 0 8 0 0 
-XOOO-X-X 0 -0.73 5 5 0.06 31 7 0.73 10 
--OX---OX 0 0.73 1 1 0 0 4 0 0 5 0 0 6 0 0 
XOXO-OOXX 4 0.66 4 
X-XOO-O-X 1 0 0 5 0.73 2 7 0 0 
--XO--O-X 0 0.73 6 1 0 0 4 0 0 5 0 0 7 0 0 
--X-O-O-X 0 0.73 2 1 0 0 3 0.0 1 5 0 0 7 0.66 1 
X-X-OOO-X 1 0.73 3 3 0 0 7 0 0 
XOXO-X-O- 4 0.66 4 6 0 0 8 0 0 
-OXXO-O-X 0 -0.24 3 5 0.73 3 7 0.03 21 
X-XO-OO-X 1 0.73 3 4 0.73 1 7 0 0 
--X---OOX 0 0.73 5 1 0.0 1 3 0 0 4 0 0 5 0 0 
OXX---OOX 3 0.0 1 4 0 0 5 0 0 
OXXX-OOOX 4 0.0 83 
XO-X---O- 2 -0.81 4 4 0.66 2 5 0 0 6 0 0 8 0 0 
O-X-XOO-X 1 -0.73 2 3 0.0 17 7 0.0 2 
-OXX-OO-X 0 0.09 7 4 0 0 7 0 0 
-OX--O--X 0 -0.15 5 3 0.08 62 4 0.53 93 6 -0.01 8 7 0.13 14 
XOX--O-OX 3 -0.73 1 4 0.73 3 6 0 0 
-OXX---O- 0 -0.81 1 4 0.69 4 5 0 0 6 0 0 8 0 0 
OXX----O- 3 0.01 64 4 -0.49 6 5 -0.31 7 6 -0.06 13 8 -0.36 2 
OXXX-O-O- 4 0.09 7 6 0 0 8 0 0 
-XXO---O- 0 0.81 2 4 0 0 5 0.66 1 6 0 0 8 0 0 
OOX----X- 3 0.08 8 4 0 0 5 0 0 6 0 0 8 0 0 
OOXX-O-X- 4 0.13 5 6 0 0 8 0 0 
-XX-O--O- 0 0.81 3 3 0 0 5 0 0 6 0 0 8 0 0 
XOX-O-X-O 3 0.73 76 5 -0.36 4 7 0.0 5 
XOXOOXX-O 7 0.0 60 
OOXX-OXOX 4 0.66 6 
----O-OXX 0 -0.52 17 1 -0.8 12 2 -0.0 514 3 -0.35 11 5 -0.67 12 
XO--O-OXX 2 0.06 11 3 -0.73 1 5 -0.73 1 
O-XOO-X-X 1 -0.04 2 5 0.73 2 7 0 0 
XXOO--X-O 4 -0.73 2 5 0.0 37 7 0.0 2 
-XX--O-O- 0 0.81 1 3 0.0 1 4 0 0 6 0 0 8 0 0 
OOX-X-O-X 3 0.0 1 5 0.73 2 7 0 0 
OOXX---OX 4 0.66 3 5 0 0 6 0 0 
XOXX-OOOX 4 0.66 3 
-OXX-O-OX 0 -0.73 3 4 0.66 6 6 0 0 
-OX---XO- 0 -0.81 1 3 -0.04 2 4 0.81 1 5 0 0 8 0 0 
OOX-X--OX 3 0.66 3 5 0 0 6 0.73 1 
OOXX----- 4 0.73 10 5 0 0 6 -0.73 1 7 0 0 8 0.33 2 
--XOX--O- 0 0.71 4 1 0 0 5 0 0 6 0 0 8 0 0 
-OXOX--OX 0 0.73 1 5 0 0 6 0 0 
-OX-XO-OX 0 0 0 3 0 0 6 0.73 4 
-OXXXOOOX 0 0.66 2 
-OXO-X--- 0 0.73 1 4 0 0 6 0 0 7 0 0 8 0 0 
-OX-OX--- 0 -0.43 4 3 -0.12 6 6 0.0 1 7 0.04 38 8 0.81 26 
-OX--X-O- 0 0 0 3 0 0 4 0.7 3 6 0 0 8 0 0 
OOX-XX-O- 3 0.73 1 6 0.73 1 8 0 0 
O-X----OX 1 0.16 8 3 0 0 4 0 0 5 0.81 1 6 -0.73 1 
OOX---XOX 3 -0.73 1 4 0.73 1 5 0 0 
OXXO---OX 4 -0.04 2 5 0 0 6 0 0 
-OX--X--O 0 -0.0 17 3 -0.38 4 4 0.73 3 6 0 0 7 -0.73 1 
XOXO-X--O 4 0.03 23 6 0.0 3 7 0.0 1 
-XX---OO- 0 0.81 2 3 0 0 4 -0.73 1 5 0 0 8 0 0 
-OXO--X-- 0 -0.73 1 4 0.81 1 5 0 0 7 0 0 8 0 0 
OOXX-XOXO 4 0.66 3 
-OXXOX--O 0 -0.73 1 6 -0.73 1 7 0 0 
-OX-O-X-- 0 -0.73 3 3 -0.73 2 5 -0.29 19 7 0.32 27 8 -0.37 7 
-OXX-XO-O 0 -0.73 1 4 0.73 1 7 0 0 
OOX--X-XO 3 -0.04 2 4 0 0 6 0 0 
-OXO---X- 0 0.22 3 4 0 0 5 -0.73 1 6 0 0 8 -0.73 1 
OOXO-X-X- 4 -0.73 1 6 0.66 2 8 0 0 
--OXOO-XX 0 0.66 1 1 0 0 6 0 0 
-OXXOOOXX 0 0.0 83 
O-OXX---- 1 -0.12 6 5 0.81 15 6 0 0 7 0 0 8 0 0 
O-OX----X 1 0.66 1 4 0 0 5 0 0 6 0 0 7 0 0 
OXOX--O-X 4 0.66 1 5 -0.73 1 7 0 0 
---OX-XO- 0 0.7 3 1 0 0 2 0 0 5 0.0 1 8 0 0 
-OOXX---- 0 0.52 7 5 0 0 6 0 0 7 0 0 8 0 0 
---XOOOXX 0 -0.12 12 1 0.0 4 2 0.0 2 
---X--O-- 0 0.07 20 1 0 0 2 0 0 4 0 0 5 0 0 7 0 0 8 0 0 
X-XX-OOO- 1 0.73 1 4 0 0 8 0 0 
XO-XXOO-- 2 0.04 32 7 0 0 8 0.73 7 
O-OXXO--X 1 0.0 7 6 0 0 7 0 0 
----XOXO- 0 0.7 5 1 0 0 2 0 0 3 0 0 8 0 0 
XO--XOXO- 2 0.73 2 3 0 0 8 0 0 
OO-XXOOXX 2 0.0 10 
-----X-O- 0 -0.81 1 1 0.12 17 2 0 0 3 0 0 4 0 0 6 0 0 8 0 0 
---X---O- 0 -0.81 1 1 -0.73 1 2 0.02 17 4 0.14 31 5 0 0 6 -0.07 9 8 0 0 
OX-OX-XO- 2 0.73 9 5 0 0 8 0.0 1 
-OXX-O--- 0 0.69 2 4 0 0 6 0 0 7 0 0 8 0 0 
OX-X---O- 2 -0.73 1 4 0 0 5 0 0 6 0 0 8 0 0 
----OOX-X 0 -0.18 5 1 -0.73 1 2 -0.32 3 3 0.57 5 7 0 0 
-OX-X-OOX 0 0.73 1 3 0 0 5 0 0 
X-XOX-OO- 1 0.73 6 5 0 0 8 0 0 
OOX--O-XX 3 0.22 3 4 0 0 6 0 0 
-OXO-O-XX 0 -0.73 1 4 0.66 4 6 0 0 
-OXOXOOXX 0 0.66 1 
-OX-OO-XX 0 -0.73 1 3 0.03 19 6 0 0 
OOX--OX-X 3 0.66 2 4 0 0 7 0 0 
-OXO-OX-X 0 -0.73 1 4 0.73 1 7 0 0 
-OXOXO--X 0 0.73 6 6 0 0 7 0 0 
-OX-XOO-X 0 0.73 3 3 0 0 7 0 0 
OXO--X-OX 3 0.0 1 4 0 0 6 0 0 
OXOXOX-OX 6 0.0 11 
-OX-OOX-X 0 -0.73 1 3 -0.73 1 7 0.73 4 
-OX--OXOX 0 -0.04 2 3 0.66 1 4 0 0 
XOXO-OXOX 4 0.66 1 
-OXX----O 0 -0.09 8 4 0.0 1 5 0 0 6 0.73 1 7 0 0 
OXXX---OO 4 0 0 5 0 0 6 -0.73 1 
O-XOOXX-- 1 -0.73 2 7 -0.04 4 8 0.73 1 
OOXX-OOXX 4 0.0 16 
X-XOO-OX- 1 0.73 1 5 0 0 8 0.66 1 
OX---OX-- 2 0.73 1 3 0 0 4 0 0 7 0 0 8 0 0 
O-XXOOOXX 1 0.0 426 
-XO--X-O- 0 0.22 3 3 0 0 4 0 0 6 0 0 8 0 0 
XXOO-X-O- 4 0.0 13 6 0 0 8 0 0 
OX--XOXO- 2 0.73 9 3 0 0 8 0 0 
OXX-O--OX 3 0.03 24 5 0 0 6 0.0 1 
XOX-OX--O 3 -0.66 22 6 -0.45 31 7 0.0 876 
XOXX---OO 4 -0.73 1 5 -0.73 1 6 0.73 3 
-OXXXO-O- 0 0.66 1 6 0 0 8 0 0 
O-OXO--XX 1 -0.73 1 5 -0.73 1 6 0.73 2 
--XXO--O- 0 -0.81 1 1 -0.1 7 5 -0.3 3 6 -0.73 1 8 0 0 
O-X-XXOO- 1 -0.73 1 3 0.73 1 8 0 0 
-X--OX-O- 0 -0.15 5 2 0.73 2 3 0.0 1 6 0 0 8 0 0 
O--X--X-O 1 -0.73 1 2 0.73 1 4 0 0 5 0 0 7 0 0 
OXOX--X-O 4 -0.73 1 5 -0.73 1 7 0 0 
X-OOO-X-X 1 -0.73 1 5 0.22 6 7 0.73 2 
-OX---OX- 0 0.0 1 3 0 0 4 0 0 5 0 0 8 0 0 
O-XXOOX-- 1 -0.73 1 7 -0.5 6 8 0.06 35 
-XO------ 0 -0.35 9 3 0.03 21 4 0.06 182 5 -0.04 41 6 0.03 42 7 0.0 14 8 0.04 458 
-OX--OX-- 0 0.73 1 3 0 0 4 0 0 7 0 0 8 0 0 
O-XXO--OX 1 0.0 5 5 0.73 10 6 -0.73 1 
O-XO-OX-X 1 -0.04 2 4 0 0 7 0 0 
OXXO-OXOX 4 0.66 2 
O-X-OOX-X 1 -0.73 3 3 0.05 24 7 0.73 8 
--XO-OX-- 0 0.73 1 1 0 0 4 0 0 7 0 0 8 0 0 
XXO--X-OO 3 -0.04 2 4 -0.73 1 6 0.12 11 
XXOXOX-OO 6 0.66 2 
O-XO--X-- 1 0.0 2 4 0 0 5 0 0 7 0 0 8 0 0 
O-X-O-X-- 1 -0.81 1 3 -0.04 2 5 -0.73 1 7 -0.73 1 8 0.26 35 
OXX--O-OX 3 0.0 7 4 0 0 6 0 0 
O-XX-OO-X 1 0.0 109 4 0.0 5 7 0.0 10 
O-XX-O-OX 1 0.0 11 4 0 0 6 0 0 
--X-OOX-- 0 -0.3 3 1 -0.73 2 3 0.2 17 7 0 0 8 0 0 
O-X-X--O- 1 -0.73 1 3 0.35 6 5 0 0 6 0 0 8 0 0 
OXXOX--O- 5 -0.73 11 6 0.73 441 8 -0.17 10 
O-XOXO--X 1 -0.73 2 6 0.73 5 7 0 0 
-----X--O 0 0.06 54 1 -0.3 3 2 -0.81 1 3 -0.22 3 4 -0.05 20 6 0.09 32 7 -0.27 3 
XO---X--O 2 0.0 10 3 0.55 16 4 0.0 2 6 0.2 35 7 0.09 7 
OOXX--X-O 4 0.73 2 5 0 0 7 0 0 
O----X-XO 1 -0.73 1 2 -0.04 2 3 0 0 4 0 0 6 0 0 
OXO--X-XO 3 -0.73 1 4 0 0 6 0 0 
--X--OXO- 0 0.73 1 1 0 0 3 0 0 4 0 0 8 0 0 
XOX--OXO- 3 0.73 2 4 0 0 8 0 0 
--X--OX-O 0 0.73 1 1 0 0 3 0 0 4 0 0 7 0 0 
X-X--OXOO 1 0.73 1 3 0 0 4 0 0 
O-XOO-XX- 1 -0.73 2 5 -0.73 1 8 0 0 
O-O-OXXX- 1 0 0 3 0 0 8 0.73 4 
OXX-OOX-- 3 -0.73 2 7 -0.73 1 8 -0.49 3 
O-XXXOO-- 1 0.03 89 7 0.0 4 8 0.0 7 
O-XX-O--- 1 -0.1 7 4 0.02 32 6 0.0 4 7 0.0 1 8 0.0 2 
-X-XOO-OX 0 0.66 1 2 0 0 6 0 0 
OOXX-OX-- 4 0.73 2 7 0 0 8 0 0 
O-XXOO-X- 1 0.0 4 6 0 0 8 0 0 
XOOO--X-X 4 0.73 3 5 0 0 7 0 0 
O-XXXO-O- 1 0.0 2 6 0 0 8 0.04 15 
X-O---OX- 1 -0.81 1 3 -0.08 2 4 0.73 2 5 0 0 8 0 0 
-XXXO--OO 0 0.73 1 5 0 0 6 0 0 
-OX----XO 0 0.0 3 3 0 0 4 0 0 5 0 0 6 0 0 
O-X----XO 1 0.73 1 3 0 0 4 0 0 5 0 0 6 0 0 
OXXO---XO 4 0.73 1 5 0 0 6 0 0 
O-XXXOOOX 1 0.0 15 
-OXOO-X-X 0 -0.73 2 5 0.73 2 7 0 0 
--XXO---O 0 0.73 4 1 0 0 5 0 0 6 0 0 7 0 0 
X-O-OOX-X 1 -0.73 1 3 0.73 1 7 0 0 
-OXXX-OO- 0 0 0 5 0 0 8 0.66 2 
-XOOOXXOX 0 0.0 45 
X-O-XOOX- 1 0.73 2 3 0 0 8 0 0 
OO--XOXX- 2 0.73 1 3 0 0 8 0 0 
---XO-O-X 0 -0.24 3 1 -0.81 4 2 0.09 44 5 -0.73 1 7 -0.36 4 
XO-OX-OX- 2 0.0 10 5 0.1 13 8 0.73 33 
X-O-O-X-- 1 0.15 5 3 0.81 20 5 0 0 7 0 0 8 0.46 3 
XXO-OOX-- 3 0.73 3 7 -0.73 1 8 0 0 
O--OX-X-- 1 0.73 1 2 0 0 5 0 0 7 0 0 8 0.73 1 
O--OXXX-O 1 0.66 5 2 0.73 6 7 0 0 
-OXOXO-X- 0 0 0 6 0.73 1 8 0 0 
X--OX-XOO 1 0.0 2 2 0.73 5 5 0 0 
O-XXOX-O- 1 -0.73 2 6 -0.73 1 8 0.73 14 
-XO-X--O- 0 -0.44 10 3 -0.1 7 5 0.07 204 6 -0.01 9 8 0.0 8 
-O-OXXX-O 0 0.07 10 2 0 0 7 0.0 1 
-X-OO-XOX 0 0.0 2 2 -0.04 2 5 0.16 4 
-X-XOX-OO 0 0.66 1 2 0 0 6 0 0 
--XX-O--O 0 0.29 5 1 0 0 4 0 0 6 -0.73 1 7 0 0 
-OOXX-XO- 0 0.73 2 5 0 0 8 0 0 
O-OXX-XO- 1 0.0 14 5 0 0 8 -0.73 1 
---OXXXOO 0 0.13 5 1 0.66 1 2 0.73 2 
X---XOXOO 1 -0.73 1 2 0.73 7 3 0 0 
X--OOX--- 1 0.24 3 2 0.73 2 6 0 0 7 0 0 8 0 0 
XOO--XX-O 3 0.73 3 4 0 0 7 0 0 
-O--OX-X- 0 0.0 5 2 0 0 3 0 0 6 -0.01 5 8 0.0 4 
OO--OX-XX 2 0.73 2 3 0 0 6 0 0 
OX-XOOOXX 2 0.0 15 
-X----O-- 0 0.54 8 2 0 0 3 0 0 4 0 0 5 0 0 7 0 0 8 -0.04 2 
--OOXX--- 0 0 0 1 0 0 6 0 0 7 0.36 2 8 0 0 
O-OOXX-X- 1 0.73 1 6 0 0 8 0 0 
-X-----O- 0 0.34 12 2 0.24 3 3 0 0 4 0 0 5 0 0 6 0 0 8 0 0 
--O-XXO-- 0 0.73 3 1 0 0 3 0 0 7 0 0 8 0 0 
-X-O-X-O- 0 0.15 5 2 0 0 4 0 0 6 0 0 8 0 0 
--OOXXX-O 0 0.0 43 1 0.01 44 7 0.03 703 
-O-X-OX-- 0 0.81 1 2 0 0 4 0 0 7 0 0 8 0 0 
--O-XX-O- 0 0.29 5 1 0.0 1 3 0.81 26 6 0 0 8 0 0 
XOO-XX-O- 3 0.73 5 6 0 0 8 0 0 
OX----X-O 2 0.73 1 3 0 0 4 0 0 5 0 0 7 0 0 
OXXO--X-O 4 0.73 1 5 0 0 7 0 0 
X--XOXO-O 1 -0.73 1 2 0.0 4 7 0.0 1 
O-X--X-O- 1 -0.04 4 3 0.57 28 4 0 0 6 0 0 8 0 0 
O-X--X--O 1 -0.08 2 3 -0.04 2 4 0.6 22 6 -0.04 2 7 0 0 
OXXO-X--O 4 -0.04 2 6 0 0 7 0 0 
OXXO-XXOO 4 0.66 3 
XXOOOX-XO 6 0.0 13 
O-XOOX-X- 1 -0.73 2 6 -0.73 1 8 0.73 4 
O-X-OXXO- 1 -0.04 2 3 -0.73 2 8 0.73 4 
O---XOXXO 1 0.73 4 2 0 0 3 0 0 
X-OO-XX-O 1 0.0 1 4 0 0 7 0 0 
OX---X--O 2 -0.81 1 3 -0.04 2 4 0.73 1 6 -0.81 1 7 0 0 
O--XXOOX- 1 0.73 1 2 0 0 8 0 0 
OXX-OX-O- 3 -0.73 2 6 -0.73 1 8 0.73 15 
-OO-XOX-X 0 0.73 1 3 0 0 7 0 0 
XO-XOXOXO 2 0.0 1 
O--XO-OXX 1 -0.36 4 2 0.09 7 5 -0.73 1 
O--X-X--O 1 -0.73 1 2 -0.73 1 4 0.81 1 6 0 0 7 0 0 
O-O-X-XXO 1 0.73 3 3 0 0 5 0 0 
O----O-XX 1 -0.02 3 2 0 0 3 0 0 4 0 0 6 0 0 
O---OXXOX 1 0.0 5 2 0.73 2 3 -0.73 1 
-XOXXO-O- 0 -0.73 2 6 -0.73 2 8 0.0 26 
--O-OX-X- 0 -0.36 2 1 -0.81 2 3 -0.73 1 6 0.62 15 8 0 0 
XOO-OX-X- 3 -0.73 1 6 0.66 5 8 0.66 1 
X-OXX-O-O 1 -0.73 1 5 0.73 2 7 0 0 
OX-XOOXOX 2 0.0 171 
O--X-OX-- 1 0.0 1 2 0 0 4 0 0 7 0 0 8 0 0 
O--OOX-XX 1 -0.27 3 2 0.73 8 6 0.73 1 
OO-OX-X-X 2 0.73 7 5 0 0 7 0 0 
-XOOXOX-- 0 -0.73 1 7 0.73 1 8 0 0 
X-OXX--OO 1 -0.73 1 5 0.73 2 6 0 0 
--OOOX-XX 0 0.66 1 1 0 0 6 0 0 
XOOOOX-XX 6 0.66 3 
X-O---XO- 1 0.73 1 3 0 0 4 0 0 5 0 0 8 0.73 1 
XOO---XOX 3 0.73 2 4 0 0 5 0 0 
OX--OOXX- 2 -0.73 1 3 -0.04 2 8 0 0 
OXXX--O-O 4 -0.73 3 5 -0.73 1 7 -0.73 1 
---XOXOOX 0 -0.73 1 1 0.66 1 2 0 0 
---OXOX-- 0 0.73 2 1 0 0 2 0 0 7 0 0 8 0 0 
XO-OXOX-- 2 0.73 2 7 0 0 8 0 0 
---OXXO-- 0 0.08 24 1 0 0 2 -0.77 2 7 0 0 8 0 0 
O--OXX--- 1 -0.81 4 2 -0.81 1 6 0.1 28 7 0 0 8 0 0 
-XOOX-XO- 0 0.0 13 5 0.0 2 8 0 0 
X--O-O-X- 1 0.73 1 2 0 0 4 0 0 6 0 0 8 0 0 
X--OXOXO- 1 0.66 3 2 0 0 8 0 0 
X----OO-X 1 -0.73 1 2 0.55 4 3 0 0 4 0 0 7 0 0 
XXO--OO-X 3 -0.73 1 4 0 0 7 0 0 
-O-OXOX-X 0 0.73 2 2 0 0 7 0 0 
--XOO-XOX 0 -0.73 1 1 -0.73 1 5 0 0 
O--XO-XOX 1 0.0 9 2 -0.73 3 5 0 0 
OXOXO-XOX 5 0.0 37 
-XO-XOXO- 0 -0.73 1 3 -0.18 4 8 0.0 3 
-O-XXOX-O 0 0.73 2 2 0 0 7 0 0 
-OXOX-OX- 0 0.22 3 5 0 0 8 0 0 
X---OO-X- 1 -0.36 4 2 -0.01 8 3 0.05 66 6 -0.77 2 8 0 0 
XX--OO-XO 2 0.73 1 3 0 0 6 0 0 
--OXO-XOX 0 0.73 1 1 0 0 5 0 0 
XXOO--XO- 4 0.0 7 5 0 0 8 0 0 
X--XO--O- 1 0.73 14 2 0 0 5 0 0 6 0 0 8 0 0 
X-OO-XO-X 1 -0.73 1 4 0 0 7 0 0 
OOXO--X-X 4 0.73 2 5 0 0 7 0 0 
----XXOO- 0 -0.81 1 1 -0.36 4 2 0.0 2 3 0.81 15 8 0.72 10 
X---O-OX- 1 -0.81 1 2 0.55 5 3 0.0 1 5 0 0 8 0 0 
X--X-O--O 1 -0.81 1 2 0.0 5 4 0 0 6 0.81 2 7 0 0 
X---XOO-- 1 0.73 3 2 0 0 3 0 0 7 0 0 8 0 0 
O----XX-O 1 0.66 2 2 0 0 3 0 0 4 0 0 7 0 0 
OXO--XX-O 3 0 0 4 0.66 2 7 0 0 
XOOX--OX- 4 0.66 2 5 0 0 8 0 0 
-O---XX-O 0 0.29 5 2 0 0 3 0 0 4 -0.73 1 7 0 0 
XO-X--OXO 2 0.0 9 4 0 0 5 0 0 
XOOX-X--O 4 0.73 3 6 0.73 1 7 0 0 
XO---X-O- 2 0 0 3 0 0 4 0.47 6 6 -0.73 1 8 0 0 
XO-O-XX-O 2 0.1 26 4 0.0 1 7 0.0 1 
XOXO-XXOO 4 0.66 5 
XO--OXX-O 2 0.0 5 3 0.73 8 7 0 0 
X--O-OX-- 1 -0.73 1 2 -0.81 1 4 0 0 7 0 0 8 0 0 
XOO--X-XO 3 0.66 1 4 0 0 6 0 0 
XOOXOX-XO 6 0.66 2 
XO-O-X-XO 2 0.0 8 4 0 0 6 0 0 
X--O-X--O 1 0.12 6 2 0 0 4 0 0 6 0 0 7 0 0 
XO---XXOO 2 -0.04 2 3 0.73 1 4 0 0 
-OX-O-OXX 0 0.0 42 3 0.0 4 5 0.73 17 
X----X-OO 1 -0.02 15 2 -0.73 1 3 -0.01 8 4 -0.81 1 6 0.0 6 
XXOO-XXOO 4 0.0 19 
-XOOXX-O- 0 0.02 183 6 0.0 7 8 0.0 7 
XOOO-XXXO 4 0.0 6 
XO----XO- 2 -0.81 1 3 0.81 13 4 0 0 5 0 0 8 0.24 3 
XO---OXOX 2 -0.73 1 3 0.73 1 4 0 0 
XO-OXX-O- 2 0.66 2 6 0 0 8 0 0 
XO-XOX--O 2 -0.73 1 6 0.73 5 7 0 0 
XO-X-X-OO 2 -0.73 1 4 0.73 6 6 0 0 
XOX--O-XO 3 0.33 4 4 0 0 6 0 0 
XO-OOXX-- 2 -0.73 8 7 0.03 360 8 -0.73 9 
XOOOOXXX- 8 0.66 34 
XOOX-X-O- 4 0.73 1 6 0 0 8 -0.73 1 
XX-OOX--O 2 0.73 1 6 0 0 7 0 0 
XO--OX-XO 2 0.0 3 3 0 0 6 0.16 8 
XOO-OXXXO 3 0.66 4 
X--O--X-O 1 0.0 1 2 0.69 2 4 0 0 5 0 0 7 0 0 
XO-OXO-X- 2 0.66 2 6 0 0 8 0 0 
X----OOX- 1 0.0 2 2 0.1 7 3 0 0 4 0.73 1 8 0.0 1 
XXO--OOX- 3 -0.73 1 4 0.73 1 8 0 0 
XO-O-XXO- 2 -0.73 1 4 0 0 8 0 0 
XO---XOXO 2 0.0 2 3 0.66 1 4 0 0 
------OX- 0 0.52 7 1 0 0 2 0.0 1 3 0.19 3 4 0 0 5 0 0 8 0 0 
XOX-OO-X- 3 0.0 11 6 -0.73 1 8 0 0 
XOX--OX-O 3 0.73 5 4 0 0 7 0 0 
XO-X-O--- 2 0.35 4 4 0 0 6 0 0 7 0 0 8 0 0 
XOOX-XOXO 4 0.66 1 
X--XO---O 1 0.46 16 2 0 0 5 0 0 6 0 0 7 0 0 
XX-XOO--O 2 0.73 3 6 0 0 7 0 0 
X---OX--O 1 0 0 2 0.0 1 3 0 0 6 0.18 4 7 0 0 
OXX--OO-X 3 0.0 2 4 0 0 7 0 0 
X--X-OOXO 1 -0.73 2 2 0.05 12 4 0 0 
XO---OXXO 2 0.66 2 3 0 0 4 0.66 1 
XOXO-OXXO 4 0.66 11 
X-O----XO 1 0.18 4 3 0 0 4 0 0 5 0 0 6 0 0 
XXOO---XO 4 0.73 2 5 0 0 6 0 0 
X--O---XO 1 0.24 3 2 0 0 4 0 0 5 0 0 6 0 0 
X---O--XO 1 -0.73 1 2 0.1 21 3 0 0 5 0.66 1 6 0.0 2 
XO--O-XXO 2 0.02 34 3 0 0 5 0.0 2 
XOXOO-XXO 5 0.0 88 
XXO-O--XO 3 -0.73 1 5 0.0 9 6 0 0 
X-OOOXX-- 1 0.0 16 7 0.0 2 8 0.05 49 
X-OOOXXOX 1 0.0 69 
X-O--XOXO 1 0.66 1 3 0 0 4 0 0 
XXOO-XOXO 4 0.66 2 
X-XOO--XO 1 0.73 1 5 0 0 6 0 0 
X----O-XO 1 -0.81 1 2 0.6 6 3 0 0 4 0 0 6 0 0 
X--O-XOXO 1 0.66 1 2 0 0 4 0 0 
X--O-O--X 1 -0.81 1 2 -0.73 1 4 0.81 3 6 -0.73 1 7 0 0 
XO-O-OX-X 2 -0.73 1 4 0 0 7 0 0 
XX-O-X-OO 2 0.73 1 4 -0.73 1 6 0.0 1 
X-XO-O-XO 1 0.73 1 4 0 0 6 0 0 
X-----OXO 1 0.73 3 2 0 0 3 0 0 4 0.0 1 5 0 0 
XXO---OXO 3 0 0 4 0.73 1 5 0 0 
X-X-OO-XO 1 0.73 2 3 0 0 6 0.66 1 
XOO---XXO 3 0.73 2 4 0 0 5 0 0 
X-X-O-OXO 1 0.73 2 3 0 0 5 0 0 
XOX-OOXXO 3 0.66 5 
XO-O--XXO 2 0.1 57 4 0.0 2 5 0.0 5 
XX-OO--XO 2 0.73 1 5 0.0 2 6 0 0 
XOX--X-OO 3 -0.73 1 4 -0.73 1 6 -0.73 1 
XO-OOXXXO 2 0.0 365 
XX-O--OXO 2 0.73 1 4 0 0 5 0 0 
XOOX---XO 4 -0.73 1 5 0 0 6 0 0 
X---O-X-O 1 0.44 5 2 0 0 3 0.81 21 5 0 0 7 0.0 1 
XXO-O-X-O 3 0.73 1 5 0 0 7 0 0 
XX-OOX-O- 2 0.73 1 6 0 0 8 0 0 
X----OX-O 1 -0.81 1 2 0.6 11 3 0 0 4 -0.81 1 7 0 0 
XX--O-OXO 2 0.73 1 3 0 0 5 0 0 
X-X-OOX-O 1 0.73 2 3 0 0 7 0 0 
X-XXOOOXO 1 0.66 5 
X-X--OOXO 1 0.73 2 3 0 0 4 0 0 
XOX---XOO 3 0.73 4 4 0 0 5 0 0 
X--O-XXOO 1 0.0 1 2 0 0 4 0 0 
X-XXOO--O 1 0.73 3 6 0 0 7 0 0 
O-OXOX-X- 1 -0.73 1 6 0 0 8 0 0 
XXO-OX--O 3 -0.73 1 6 0.0 4 7 0 0 
X-O-OXX-O 1 0.22 3 3 0 0 7 0 0 
X--OO-X-- 1 -0.53 38 2 -0.73 43 5 -0.01 1385 7 -0.55 26 8 -0.46 25 
X---OOX-- 1 -0.43 4 2 -0.04 2 3 0.81 26 7 -0.81 1 8 -0.78 3 
XX--O-XOO 2 0.73 26 3 0 0 5 0.66 1 
XO-OO-XX- 2 -0.36 2 5 0.09 7 8 0 0 
-X-OO-X-- 0 -0.41 2 2 -0.73 1 5 -0.73 1 7 -0.81 1 8 0.73 1 
X--OOXX-O 1 0.08 58 2 0.0 5 7 0.0 3 
X---O-XO- 1 0.73 29 2 -0.81 3 3 0 0 5 0 0 8 0 0 
X-O-O--X- 1 -0.81 1 3 -0.36 7 5 -0.0 34 6 -0.24 3 8 -0.73 1 
XXO-O-XO- 3 0.73 2 5 0 0 8 0 0 
X-X-OOXO- 1 0.73 2 3 0 0 8 0 0 
X--OOXXO- 1 0.04 850 2 -0.73 36 8 -0.68 27 
X---O--OX 1 -0.04 2 2 -0.81 1 3 0 0 5 0 0 6 0 0 
XXO-O--OX 3 -0.04 2 5 0.0 1 6 0 0 
XX-OO-XO- 2 0.73 1 5 0 0 8 0.0 1 
X--OO-XOX 1 0.0 1 2 0 0 5 0 0 
X-O-O-XOX 1 0.0 2 3 0 0 5 0 0 
X-OXOO-X- 1 -0.73 1 6 0.73 2 8 0.66 1 
X--OO--X- 1 -0.24 3 2 0.11 6 5 0 0 6 0 0 8 0 0 
-OO-OXXX- 0 0.66 12 3 0 0 8 0 0 
XXO-OO-X- 3 -0.73 3 6 -0.73 1 8 -0.73 1 
XX-OOXXOO 2 0.66 53 
XX-OO-X-O 2 0.73 1 5 0 0 7 0 0 
--XXOOO-X 0 0.04 15 1 0 0 7 0 0 
--OOOXXX- 0 0.66 1 1 0 0 8 0 0 
--O-OXXXO 0 0.22 3 1 0 0 3 0 0 
XO-OOXOXX 2 0.66 2 
XO-XO-OX- 2 0.0 20 5 -0.73 1 8 0 0 
XX--OOX-O 2 0.73 2 3 0 0 7 -0.73 1 
XX--OOXO- 2 0.73 1 3 0 0 8 0 0 
X-OOO-XX- 1 -0.73 3 5 0.07 10 8 0 0 
XXO-OXXOO 3 0.66 6 
X-OOOXXXO 1 0.0 44 
X-O----OX 1 0.73 1 3 0 0 4 0 0 5 0 0 6 0 0 
XXOO---OX 4 0.73 2 5 0 0 6 0 0 
X--O---OX 1 0.36 4 2 0 0 4 0 0 5 0 0 6 0 0 
X-OO-OXX- 1 -0.73 1 4 -0.73 1 8 0.73 3 
X--XOX-OO 1 -0.73 1 2 -0.73 1 6 0.73 2 
-XO---O-X 0 -0.81 2 3 -0.73 1 4 0.68 8 5 0 0 7 0 0 
X---OOXOX 1 -0.73 1 2 0 0 3 0 0 
X-O-O-XXO 1 0.0 3 3 0 0 5 0 0 
XXOOO-XXO 5 0.0 17 
X-O-O---X 1 -0.73 1 3 -0.04 2 5 0 0 6 0 0 7 0.73 2 
OX-XOXOOX 2 0.66 3 
X--XOO--- 1 0.72 10 2 0 0 6 0 0 7 0 0 8 0.0 1 
XOO-O-XX- 3 0.73 3 5 0 0 8 0 0 
OXO-O-X-X 3 0.11 6 5 0 0 7 0 0 
OXOXOOX-X 7 0.66 8 
--X-OOOXX 0 -0.47 28 1 -0.36 24 3 0.0 373 
-XOXOOXOX 0 0.66 21 
X---OOXXO 1 -0.73 1 2 -0.73 1 3 0.73 1 
XX-XOO-O- 2 0.73 3 6 0 0 8 0.66 1 
X-OX-O--- 1 -0.73 1 4 0.73 2 6 0 0 7 0 0 8 0 0 
XO-XOO-X- 2 0.03 24 6 0 0 8 0 0 
X--XO-O-- 1 -0.67 11 2 0.02 558 5 -0.68 14 7 -0.04 21 8 -0.73 5 
-OX-XOOX- 0 0.07 9 3 0 0 8 0 0 
O-O---X-X 1 0.0 6 3 0 0 4 0 0 5 0 0 7 0 0 
OXOO--X-X 4 0.0 7 5 0 0 7 0 0 
--O--OX-X 0 0.73 1 1 0 0 3 0 0 4 0 0 7 0 0 
XOO--OX-X 3 0.73 1 4 0 0 7 0 0 
OXO--O-XX 3 0.66 1 4 0 0 6 0 0 
O-O-OXX-X 1 0.66 1 3 0 0 7 0.73 9 
X---OXOXO 1 -0.73 3 2 0.11 12 3 0 0 
X-OO--XXO 1 0.0 9 4 0 0 5 0.0 1 
--XXOO-OX 0 -0.73 1 1 0 0 6 0 0 
O-XXO-OX- 1 -0.73 1 5 0 0 8 0 0 
O-O-OX-XX 1 -0.73 1 3 -0.73 1 6 0.73 5 
-OO-OXX-X 0 -0.73 1 3 -0.73 1 7 0.73 12 
-OOXX--OX 0 0.73 1 5 0 0 6 0 0 
-XO-XXOO- 0 -0.73 3 3 0.73 3 8 0 0 
-O-OX-XOX 0 0.73 2 2 0 0 5 0 0 
X---OO--X 1 -0.73 2 2 -0.81 2 3 -0.18 4 6 -0.81 1 7 0.05 12 
XXO-OO--X 3 -0.73 3 6 -0.73 1 7 -0.73 1 
-OO---XX- 0 0.73 2 3 0 0 4 0 0 5 0 0 8 0 0 
O--OXXXO- 1 0.09 7 2 0.73 4 8 0 0 
OO---X--X 2 0.81 1 3 0 0 4 0 0 6 0 0 7 0 0 
O-O-XXXO- 1 0.0 7 3 0 0 8 0 0 
-XOO-X--- 0 -0.15 5 4 0.1 13 6 0 0 7 0 0 8 0 0 
XX-XO-O-O 2 0.73 9 5 -0.73 1 7 -0.73 2 
O--X-XO-- 1 0.73 1 2 0 0 4 0 0 7 0 0 8 0 0 
OXOX-XO-- 4 0.73 1 7 0 0 8 0 0 
XX--OX-OO 2 0.73 1 3 -0.73 1 6 0 0 
O---XXOXO 1 0.73 20 2 -0.73 1 3 0.73 1 
O-----OXX 1 -0.73 1 2 -0.81 1 3 -0.36 4 4 -0.73 1 5 -0.73 1 
OXO---OXX 3 -0.73 1 4 0 0 5 0 0 
--XOXOOX- 0 0.66 1 1 0 0 8 0 0 
X-OXOX--O 1 -0.73 1 6 0.73 1 7 0 0 
X-OX-X-OO 1 -0.73 1 4 0.73 1 6 0 0 
X--XXO-OO 1 -0.73 1 2 -0.73 1 6 0 0 
-O-OX--X- 0 0.51 4 2 0 0 5 0 0 6 0 0 8 0 0 
X-O--XXOO 1 0.0 5 3 0.73 1 4 0 0 
X--XO-OXO 1 -0.73 1 2 0.33 2 5 0 0 
X-XO-OX-O 1 0.73 8 4 0 0 7 -0.04 2 
-XOOXXO-- 0 0.66 1 7 0 0 8 0 0 
OO--X-OXX 2 -0.73 3 3 -0.73 1 5 -0.73 1 
-XOO--X-- 0 -0.03 28 4 0.0 8 5 0 0 7 0 0 8 0 0 
--O--XX-O 0 0 0 1 0.66 1 3 0 0 4 0 0 7 0 0 
OX-O-XX-O 2 0.66 1 4 0 0 7 0 0 
OX-OOX--X 2 0.73 2 6 0 0 7 0 0 
---O-XX-O 0 0.33 2 1 0 0 2 0 0 4 0 0 7 0 0 
-X--OOOXX 0 -0.73 1 2 0 0 3 0 0 
--XOO-OXX 0 -0.04 2 1 -0.73 1 5 0.73 12 
----OXX-O 0 0.09 15 1 0 0 2 -0.81 1 3 -0.81 2 7 0.0 1 
XO---OOXX 2 0.0 1 3 0 0 4 0 0 
---X-O-OX 0 -0.73 1 1 0.0 7 2 0 0 4 0 0 6 0 0 
XO-X-O-OX 2 -0.73 1 4 0 0 6 0 0 
-XO-OOX-X 0 -0.73 1 3 0.66 4 7 0 0 
O--OX---X 1 0.11 6 2 -0.81 1 5 0 0 6 0.0 1 7 0 0 
OO--XXOX- 2 0 0 3 0.73 2 8 0 0 
-O-OX---X 0 0.81 2 2 0 0 5 0 0 6 0 0 7 0 0 
X-OO--XOX 1 0.33 2 4 0.73 13 5 0 0 
X-X-OOOX- 1 0.73 2 3 0 0 8 0 0 
-XO---X-O 0 -0.09 8 3 -0.73 1 4 0 0 5 0 0 7 0 0 
O---XXXOO 1 0.66 11 2 0 0 3 0 0 
O----OXX- 1 0.0 2 2 0 0 3 0 0 4 0 0 8 0 0 
X-XXO-OO- 1 0.73 15 5 0 0 8 -0.73 2 
-----XXOO 0 0.24 3 1 0.0 1 2 0 0 3 0 0 4 0 0 
----OXOX- 0 -0.81 10 1 -0.73 13 2 0.01 459 3 -0.79 7 8 -0.67 11 
OX--OXOX- 2 -0.73 13 3 -0.73 1 8 -0.73 1 
XX-XO-OO- 2 0.73 2 5 0 0 8 0 0 
-X--OOX-- 0 -0.81 1 2 -0.73 1 3 -0.73 1 7 -0.73 1 8 0.11 6 
X-XXO-O-O 1 0.73 19 5 0.0 1 7 0 0 
---OX-O-X 0 0.81 2 1 0 0 2 0 0 5 0 0 7 0 0 
-XOO----X 0 -0.73 1 4 0.0 1 5 0 0 6 0 0 7 0.36 8 
-XOXOX--O 0 -0.73 2 6 -0.73 1 7 -0.73 2 
----X-OOX 0 0 0 1 0 0 2 0 0 3 0.66 1 5 0 0 
O--XX-OOX 1 0.66 1 2 0 0 5 0 0 
O-X-OXOX- 1 -0.73 2 3 0 0 8 0.73 5 
-OX-OXOX- 0 0.0 1 3 0.07 10 8 0 0 
O---X-O-X 1 -0.81 1 2 -0.81 1 3 0.0 9 5 0 0 7 0 0 
O---OXOXX 1 -0.73 1 2 0.73 4 3 0 0 
----OX-XO 0 0.1 13 1 0 0 2 0 0 3 -0.81 1 6 -0.81 1 
-X-OXXOO- 0 -0.68 26 2 -0.73 2 8 -0.73 1 
OOXX-X-O- 4 0.73 2 6 0 0 8 0 0 
X-OOOX-X- 1 -0.73 2 6 0.0 31 8 -0.73 1 
--XOOXOX- 0 0.66 11 1 -0.73 2 8 0 0 
XX-XO--OO 2 0.73 3 5 0 0 6 0 0 
--XOO-X-- 0 -0.81 1 1 -0.73 1 5 0.17 16 7 0 0 8 0 0 
-XOOX--OX 0 0.73 2 5 0 0 6 0.09 7 
-XOOXOXOX 0 0.66 1 
-O--OXOXX 0 -0.73 1 2 0.73 1 3 0 0 
X-XOOXOXO 1 0.66 25 
OX-X-O-OX 2 0.0 7 4 0 0 6 0 0 
-XO---XO- 0 0.0 1 3 0 0 4 0 0 5 0 0 8 0 0 
-XXOX-OO- 0 0.73 35 5 -0.73 1 8 0 0 
O-XX-OX-O 1 -0.73 1 4 0 0 7 0 0 
--X-OXOXO 0 0.04 412 1 -0.73 15 3 -0.73 7 
OO-XXO-X- 2 0.0 7 6 -0.73 1 8 0 0 
O-OOX-X-X 1 0.0 1 5 0 0 7 0 0 
OX-OO-XX- 2 -0.73 1 5 0 0 8 0 0 
O-X--OXOX 1 0.0 1 3 0 0 4 0 0 
OO-XOXX-- 2 -0.73 1 7 -0.73 1 8 0 0 
O-OOXXXXO 1 0.66 29 
OX-OOXXOX 2 0.66 2 
---XOOX-- 0 0.81 1 1 0 0 2 0 0 7 0 0 8 0 0 
-XOXOOX-- 0 0.73 1 7 0 0 8 0 0 
OO-XX-OX- 2 0.19 7 5 0.73 60 8 -0.73 1 
O-X-OOXX- 1 -0.73 1 3 0 0 8 0 0 
-XOXO-XO- 0 0.73 2 5 0 0 8 0 0 
-X-OXO-OX 0 0.73 1 2 0 0 6 0 0 
-X-OX-OOX 0 0.73 1 2 0 0 5 0 0 
OO-XO-X-X 2 -0.73 2 5 -0.73 1 7 0 0 
-OOXX-OX- 0 0.66 9 5 0 0 8 0 0 
-OXOOXX-- 0 -0.73 3 7 0.07 19 8 0 0 
OO--XXXO- 2 0 0 3 0.73 2 8 -0.73 2 
OXX-O-O-X 3 0.33 2 5 0 0 7 0 0 
-O-X--XO- 0 0.81 1 2 0 0 4 0 0 5 0 0 8 0 0 
-O-XXOOX- 0 0.04 246 2 0.0 6 8 0.0 6 
OXOX-XOOX 4 0.66 3 
-O-XOXO-X 0 -0.73 1 2 0.73 1 7 0 0 
OX---O--X 2 -0.36 2 3 0.0 3 4 0 0 6 0 0 7 0 0 
O--XOXXO- 1 -0.73 2 2 0 0 8 -0.73 1 
O--OOXXX- 1 -0.73 1 2 -0.73 1 8 0.73 3 
OO-OXXX-- 2 0.73 3 7 0 0 8 0 0 
X-XOO-X-O 1 0.73 3 5 0 0 7 0 0 
-XXO--XOO 0 0.73 1 4 0 0 5 0 0 
OO-XX-XO- 2 0.73 1 5 0 0 8 0 0 
-XO--O--X 0 -0.73 1 3 0.38 12 4 0 0 6 0 0 7 0 0 
--X-O-XO- 0 -0.55 6 1 0.04 512 3 -0.62 13 5 -0.11 9 8 -0.73 10 
-XO-OXXO- 0 0.04 16 3 0 0 8 0 0 
O--XOOXX- 1 0.66 1 2 0 0 8 0 0 
O--X--OX- 1 0.73 1 2 0 0 4 0 0 5 0 0 8 0 0 
OXOX--OX- 4 0.73 2 5 0 0 8 0 0 
-XO-OXX-O 0 0.07 9 3 0 0 7 0 0 
X--OO-OXX 1 -0.73 1 2 -0.73 1 5 -0.04 2 
-X--O-X-O 0 0.73 1 2 0 0 3 -0.81 1 5 0 0 7 0 0 
---XO-XO- 0 0.81 1 1 0 0 2 0 0 5 0 0 8 0 0 
O--X--XO- 1 -0.1 7 2 -0.73 1 4 0 0 5 0 0 8 0 0 
OXOX--XO- 4 0.0 4 5 0 0 8 0.0 1 
-X-X--O-O 0 -0.73 1 2 -0.73 1 4 0 0 5 0 0 7 0 0 
-O--XX-O- 0 0.73 10 2 0.73 1 3 0 0 6 0 0 8 0 0 
O---XX-O- 1 0.15 5 2 0.73 1 3 0.81 59 6 0.12 6 8 0.24 21 
OO--XX-OX 2 0.73 4 3 0 0 6 0 0 
-XX-OOXO- 0 0.73 12 3 0 0 8 0 0 
X-OOXX-O- 1 0.0 6 6 0 0 8 0 0 
-OO-OX-XX 0 -0.73 1 3 -0.73 1 6 0.73 1 
X--O--OX- 1 0.73 1 2 0 0 4 0 0 5 0 0 8 0 0 
---OXX-O- 0 -0.09 11 1 -0.63 15 2 0.09 7 6 0.18 43 8 0.68 499 
-OXOOXXXO 0 0.0 24 
--XOOXXO- 0 0 0 1 0 0 8 0.73 1 
OO-XX-O-X 2 0.0 9 5 0 0 7 0 0 
-OOX----X 0 0 0 4 -0.81 1 5 0 0 6 0 0 7 0 0 
-XOXO---- 0 -0.81 1 5 -0.73 1 6 0.06 12 7 0 0 8 0 0 
--OX-O-X- 0 0 0 1 0 0 4 0 0 6 0 0 8 0.66 1 
O-OX-O-XX 1 0.66 1 4 0 0 6 0 0 
OXOX-OOXX 4 0.66 1 
-O-X--X-O 0 0.81 1 2 0 0 4 0 0 5 0 0 7 0 0 
-XO----OX 0 -0.73 1 3 -0.01 7 4 0.22 16 5 0 0 6 0.0 3 
-O-XOOXX- 0 0.73 1 2 0 0 8 0 0 
XX-----OO 2 0.81 2 3 0 0 4 0 0 5 0 0 6 0 0 
-O--O-XX- 0 0.13 5 2 0 0 3 0 0 5 0 0 8 0 0 
-O-OXX--- 0 0.0 16 2 0 0 6 0.0 1 7 -0.73 1 8 0 0 
-XO-O--X- 0 0 0 3 0 0 5 0 0 6 0 0 8 0.7 3 
X-OX--O-- 1 -0.81 1 4 0.73 1 5 0 0 7 0 0 8 0 0 
O-XX-XO-O 1 -0.73 3 4 0.73 26 7 0 0 
--OXOOX-X 0 0.73 2 1 0 0 7 0 0 
OO--X-XOX 2 0 0 3 0 0 5 -0.73 1 
-X-XOO--- 0 0.73 1 2 0 0 6 0 0 7 0 0 8 0 0 
XX-XOOO-- 2 0.73 1 7 0 0 8 0 0 
OXO---XOX 3 0.0 3 4 0 0 5 0 0 
X--XXOO-O 1 -0.73 2 2 -0.29 5 7 0 0 
XO-XXO-O- 2 0.66 6 6 0 0 8 0 0 
O--XOOX-X 1 0.33 2 2 0 0 7 0 0 
-O-XOOX-X 0 0.73 1 2 0 0 7 0 0 
--OXX--O- 0 0.73 3 1 0 0 5 0 0 6 0 0 8 0 0 
--O-O-XX- 0 0.24 3 1 0 0 3 0 0 5 0 0 8 0 0 
-XO--X--O 0 0.0 1 3 0 0 4 0 0 6 0 0 7 0 0 
-XOOOXX-- 0 0 0 7 0.66 1 8 0 0 
X--XXOOO- 1 -0.73 1 2 -0.73 1 8 0.73 2 
-XOXOO--X 0 0 0 6 0.66 1 7 0 0 
-OOXXOX-- 0 0.73 1 7 0 0 8 0 0 
---XOX-O- 0 -0.81 1 1 0.66 1 2 0 0 6 0 0 8 0 0 
---OO-XX- 0 0 0 1 0 0 2 0 0 5 0 0 8 0.81 2 
-XOOX-O-X 0 0.73 1 5 0 0 7 0 0 
-OO-XXOX- 0 0.66 1 3 0 0 8 0 0 
O-XOXX-O- 1 -0.73 1 6 0.73 1 8 0 0 
O-OOXXX-- 1 0.03 21 7 -0.73 1 8 -0.73 1 
-X--O--OX 0 0.0 1 2 0 0 3 0 0 5 0 0 6 0 0 
XXOOOX-OX 6 0.0 6 
----O-XXO 0 0.0 38 1 -0.81 3 2 -0.81 1 3 -0.81 4 5 -0.81 1 
X--OO-XXO 1 0.0 3 2 0 0 5 0 0 
-O-OXXXO- 0 0.66 2 2 0.73 2 8 0 0 
--O-XXOXO 0 0 0 1 0.73 2 3 0 0 
OXX-OXO-- 3 -0.73 1 7 -0.73 1 8 0.73 6 
OX--OXO-X 2 0.73 3 3 0 0 7 0 0 
-X--OXOOX 0 -0.73 1 2 0.73 1 3 0.66 1 
-XOX-OO-X 0 0 0 4 0.66 2 7 0 0 
-XOXXOOOX 0 0.66 1 
OO-X--OXX 2 0.0 2 4 0 0 5 0 0 
X--OXOOX- 1 0.73 2 2 0.66 1 8 0 0 
-XO--XXOO 0 0.0 1 3 0 0 4 0 0 
-XOOXO--X 0 0.73 1 6 0 0 7 0 0 
-X--O--XO 0 0.0 1 2 0 0 3 0 0 5 0 0 6 0 0 
-X-OOX--- 0 0.24 3 2 0 0 6 0 0 7 0 0 8 0 0 
-XO-XOO-X 0 0.73 2 3 0 0 7 0 0 
-X--O-OX- 0 -0.81 1 2 -0.36 4 3 -0.73 1 5 -0.73 1 8 -0.81 1 
--OOXXXO- 0 0.06 23 1 0.0 3 8 0.0 1 
-XOO---X- 0 -0.73 1 4 0.81 1 5 0 0 6 0 0 8 0 0 
-XOX-O-OX 0 0.66 1 4 0 0 6 0 0 
O--OXX-OX 1 -0.73 12 2 0.73 443 6 0.05 12 
-O-OXXOX- 0 0.05 12 2 0 0 8 0 0 
X--O-X-O- 1 0.0 4 2 0 0 4 0 0 6 0 0 8 0 0 
-OXOO--XX 0 -0.73 1 5 0.73 1 6 0 0 
-XO-XO-OX 0 0.73 2 3 0 0 6 0 0 
-OXOOX-X- 0 0.0 32 6 0.0 1 8 0.73 2 
-XO-X-OOX 0 0.73 2 3 0 0 5 0 0 
--O-XOXOX 0 0.73 1 1 0 0 3 0 0 
-XO-OO-XX 0 -0.73 1 3 -0.04 2 6 0.73 1 
XX-O-XOO- 2 0.73 1 4 0 0 8 0 0 
-O-X-XO-- 0 0 0 2 0 0 4 0.81 1 7 0 0 8 0 0 
-X-OXOXO- 0 0.66 2 2 0 0 8 0 0 
---XOO-X- 0 0.0 1 1 0 0 2 0 0 6 0 0 8 0 0 
OX-O-O-XX 2 -0.73 1 4 0 0 6 0 0 
-O-XOXOX- 0 -0.73 1 2 0 0 8 0 0 
O-OOXXXOX 1 0.0 12 
O--X---XO 1 -0.73 1 2 0 0 4 0 0 5 0 0 6 0 0 
OX-X-O-XO 2 -0.73 1 4 0 0 6 0 0 
O-O-XX-OX 1 0.11 12 3 0 0 6 -0.73 1 
O-----XOX 1 0.66 1 2 0 0 3 0 0 4 0 0 5 0 0 
OX---OXOX 2 0.66 1 3 0 0 4 0 0 
O-XX-X-OO 1 -0.73 2 4 0.73 7 6 0 0 
-XO--O-X- 0 -0.81 1 3 -0.02 4 4 0.81 1 6 0 0 8 0 0 
OXOX-O-X- 4 0.73 1 6 0 0 8 0 0 
-XOXOO-X- 0 -0.73 1 6 -0.04 2 8 0 0 
X---OOOXX 1 -0.73 6 2 -0.73 1 3 -0.73 2 
-XOXOX-O- 0 -0.73 1 6 0.0 1 8 0 0 
--XX--O-O 0 -0.24 3 1 -0.73 1 4 -0.81 1 5 0.11 13 7 0 0 
-XXOO-OX- 0 0.73 1 5 -0.73 1 8 0 0 
O---XXOOX 1 -0.04 2 2 0.73 7 3 0.73 1 
OXO-XXOOX 3 0.66 3 
X-XOO-XO- 1 0.73 1 5 0 0 8 0 0 
X-----XOO 1 0.73 1 2 0 0 3 0 0 4 0 0 5 0 0 
XXO---XOO 3 0.73 1 4 0 0 5 0 0 
-O-XX--O- 0 0.73 2 2 0 0 5 0 0 6 0 0 8 0 0 
OO--OXX-X 2 0.73 2 3 0 0 7 0 0 
-OXXOOX-- 0 0.73 1 7 0 0 8 0 0 
X--XOOOX- 1 -0.73 1 2 0.02 58 8 0 0 
O-OX--OXX 1 -0.73 1 4 -0.73 1 5 0 0 
--XXOOXO- 0 0.73 1 1 0 0 8 0 0 
--XOOXX-O 0 0.0 9 1 0 0 7 0 0 
OO---XOXX 2 0 0 3 -0.73 1 4 0 0 
--XXOOX-O 0 0.73 1 1 0 0 7 0 0 
OO---X-X- 2 0.66 1 3 0 0 4 0 0 6 0 0 8 0 0 
OOXO-XXXO 4 0.66 1 
OX-O-OXX- 2 -0.73 1 4 0 0 8 0 0 
O-O--X-X- 1 0.73 1 3 0 0 4 0 0 6 0 0 8 0 0 
OXOO-X-X- 4 0.73 2 6 0 0 8 0 0 
-O-OXX-OX 0 0 0 2 0.73 9 6 0 0 
-OX-XXOO- 0 -0.73 1 3 0 0 8 0 0 
O--O-X-X- 1 0.73 1 2 0 0 4 0 0 6 0 0 8 0 0 
-O--XXOOX 0 0.73 1 2 0 0 3 0 0 
--OOXX-OX 0 0.73 11 1 0 0 6 0 0 
---OXXOOX 0 0.73 14 1 0 0 2 0 0 
-OXXOXOXO 0 0.0 29 
-XOO-O-XX 0 -0.73 1 4 0.73 2 6 0 0 
OX-----XO 2 -0.73 1 3 0 0 4 0 0 5 0 0 6 0 0 
OXX---OXO 3 -0.73 1 4 0 0 5 0 0 
X-XXO--OO 1 0.73 1 5 0 0 6 0 0 
-XX-OXOO- 0 0.73 2 3 0 0 8 0 0 
O-XXO-XO- 1 -0.73 11 5 -0.73 1 8 -0.73 1 
----OXXO- 0 -0.72 9 1 -0.73 1 2 -0.73 1 3 -0.73 2 8 -0.81 1 
-XX-O-XOO 0 0.73 10 3 0 0 5 -0.73 1 
-XXOXO-O- 0 0.73 17 6 0 0 8 0 0 
-O-OOX-XX 0 0.66 1 2 0 0 6 0 0 
--X-O-X-O 0 0.73 9 1 0 0 3 0 0 5 0 0 7 0 0 
O-X--XXOO 1 -0.04 2 3 0 0 4 0 0 
OOX--XX-O 3 -0.73 1 4 0 0 7 0 0 
OX-X-OXO- 2 0.0 1 4 0 0 8 0 0 
OOX--XOX- 3 0.66 2 4 0 0 8 0 0 
X-OOXO-X- 1 0.73 1 6 0 0 8 0 0 
O-OOX-XX- 1 0.73 1 5 0 0 8 0 0 
OO---XX-- 2 0.73 1 3 0 0 4 0 0 7 0 0 8 0 0 
--O-XXOOX 0 0.73 1 1 0 0 3 0 0 
--XXOXO-O 0 0.0 11 1 0 0 7 0 0 
-OOOXX-X- 0 0.0 6 6 -0.73 1 8 0 0 
-O--X-O-X 0 0.81 1 2 0 0 3 0 0 5 0 0 7 0 0 
-OOOX-XX- 0 0.03 21 5 -0.73 1 8 0.73 42 
---XOOXOX 0 0.73 1 1 0 0 2 0 0 
X-O-OX-XO 1 0 0 3 0.66 1 6 0 0 
---OOXOXX 0 -0.73 1 1 0 0 2 0 0 
X-XXOOOOX 1 0.66 1 
-XOXO-X-O 0 0.73 1 5 0 0 7 0 0 
X--X--OO- 1 0 0 2 0 0 4 0 0 5 0.73 1 8 0 0 
OX-XO-XO- 2 -0.73 1 5 0 0 8 0 0 
-O-OOXX-X 0 0 0 2 0 0 7 0.73 1 
--XXO-XOO 0 0.73 1 1 0 0 5 0 0 
--OX-XO-- 0 0.73 1 1 0 0 4 0 0 7 0 0 8 0 0 
---OOXX-- 0 0 0 1 0 0 2 0 0 7 0.49 3 8 0 0 
OXOX-OXOX 4 0.0 4 
O-XX-OOX- 1 0 0 4 0 0 8 0.0 1 
-XXOO-XO- 0 0.73 6 5 0 0 8 0 0 
O----XXO- 1 0.0 1 2 0 0 3 0 0 4 0 0 8 0 0 
OXO--XXO- 3 0.0 1 4 0 0 8 0 0 
X-OOXXOXO 1 0.66 4 
O----XOX- 1 -0.73 1 2 -0.08 2 3 -0.04 2 4 0 0 8 0 0 
OXO--XOX- 3 -0.73 1 4 0 0 8 0 0 
OX-XOOX-- 2 -0.73 1 7 0 0 8 0 0 
-XO--OX-- 0 0.73 1 3 0 0 4 0 0 7 0 0 8 0 0 
-O-X--OX- 0 0.66 1 2 0 0 4 0 0 5 0 0 8 0 0 
OXX-O---- 3 -0.81 2 5 -0.23 8 6 -0.81 2 7 -0.73 2 8 -0.07 44 
-O-XX-XOO 0 0.73 1 2 0 0 5 0 0 
-O-XX-OOX 0 0.73 1 2 0 0 5 0 0 
XOOX-O-X- 4 -0.73 1 6 0 0 8 0 0 
OXX-----O 3 -0.81 1 4 0 0 5 0 0 6 0 0 7 0 0 
-O-XO--X- 0 0.0 9 2 0 0 5 0 0 6 0 0 8 0 0 
--OOOXX-X 0 0.0 16 1 0.0 1 7 0.73 9 
OOXX--XO- 4 0.73 1 5 0 0 8 -0.73 1 
X--OOX-XO 1 0.33 2 2 0 0 6 0 0 
X-X-O-XOO 1 0.73 1 3 0 0 5 0 0 
--OOXOXX- 0 -0.73 1 1 0.73 5 8 0.73 1 
-XO---OX- 0 -0.81 1 3 -0.04 2 4 0.81 1 5 0 0 8 0 0 
OXX--X-OO 3 -0.73 4 4 -0.73 1 6 -0.73 1 
OXX--OXO- 3 0.0 1 4 0 0 8 0 0 
OX-X--XOO 2 -0.73 1 4 0 0 5 0 0 
XX-OOXOXO 2 0.66 1 
--XXO-OOX 0 -0.73 1 1 0.66 2 5 0 0 
-OXOXX-O- 0 0.66 2 6 0 0 8 0 0 
--XO-X-O- 0 0.69 2 1 0 0 4 0 0 6 0 0 8 0 0 
--X-OX-O- 0 -0.81 1 1 0.62 14 3 0 0 6 0 0 8 0 0 
-XXOOX-O- 0 0.73 1 6 0 0 8 0 0 
--X--XOO- 0 0.73 1 1 0 0 3 0 0 4 0 0 8 0 0 
--X--X-OO 0 -0.73 2 1 -0.73 1 3 -0.73 1 4 -0.81 1 6 -0.73 1 
X-XOOX-O- 1 0.73 3 6 0 0 8 0 0 
OO-XX--OX 2 0.66 2 5 0 0 6 0 0 
O-OXX--OX 1 0.0 7 5 0 0 6 0 0 
--XO---OX 0 0.73 2 1 0 0 4 0 0 5 0 0 6 0 0 
X-XO-O-OX 1 0.73 1 4 0 0 6 0 0 
--X-O--OX 0 -0.81 3 1 0.13 28 3 -0.04 2 5 0 0 6 0 0 
--XO--XO- 0 0.73 1 1 0 0 4 0 0 5 0 0 8 0 0 
XOXO--XO- 4 0.73 1 5 0 0 8 0 0 
-XX-OO-OX 0 0.73 2 3 0 0 6 0 0 
-XXOO--OX 0 0.73 1 5 0 0 6 0 0 
-XX-O-OOX 0 0.73 2 3 0 0 5 0 0 
--X--O-OX 0 0.73 1 1 0 0 3 0 0 4 0 0 6 0 0 
-XXOO---- 0 0.81 1 5 0 0 6 0 0 7 0 0 8 0 0 
-XX-OO--- 0 0.81 2 3 0 0 6 0 0 7 0 0 8 0 0 
-XX-O---O 0 0.81 2 3 0 0 5 0 0 6 0 0 7 0 0 
--XO-X--O 0 0.0 5 1 0 0 4 0 0 6 0 0 7 0 0 
-OXXOXO-- 0 -0.73 2 7 0.0 20 8 0 0 
--XXOO--- 0 0.73 2 1 0 0 6 0 0 7 0 0 8 0 0 
--XX---OO 0 0.73 1 1 0 0 4 0 0 5 0 0 6 0 0 
O--OOXX-X 1 0.66 2 2 0 0 7 0 0 
-O--OXX-- 0 -0.04 2 2 0.0 6 3 -0.73 1 7 0.73 1 8 0 0 
--O-OXX-- 0 0.03 20 1 0 0 3 0 0 7 0 0 8 0 0 
-OO--XX-- 0 0.0 1 3 0 0 4 0 0 7 0 0 8 0 0 
--XOOX--- 0 0.57 14 1 0 0 6 0.0 1 7 0 0 8 0 0 
--X-OXO-- 0 0.73 15 1 0 0 3 0 0 7 0 0 8 0 0 
--X-OX--O 0 -0.0 955 1 -0.81 13 3 -0.81 12 6 -0.81 15 7 -0.75 13 
X-XOOX--O 1 0.73 15 6 0.0 1 7 0.0 2 
X-O-OXXO- 1 0.0 2 3 0 0 8 0 0 
-OX-O--X- 0 0.0 1 3 0 0 5 0 0 6 0 0 8 0 0 
OO-X-X--- 2 0.73 1 4 0 0 6 0 0 7 0 0 8 0 0 
-O-OOXXX- 0 0.0 1 2 0 0 8 0.73 2 
--OX--OX- 0 -0.81 1 1 0 0 4 0 0 5 0 0 8 0 0 
-XX-OX-OO 0 0.73 1 3 0 0 6 0 0 
-OOOXXX-- 0 0.0 2 7 0 0 8 0 0 
O-X--O-X- 1 0.73 1 3 0 0 4 0 0 6 0 0 8 0 0 
OXXO-O-X- 4 0.73 1 6 0 0 8 0 0 
--XOOX-XO 0 0.0 5 1 0 0 6 0 0 
-XX-OXO-O 0 0.73 1 3 0 0 7 0 0 
OX--OXXO- 2 -0.73 1 3 0 0 8 0 0 
-X-O-OX-- 0 0.73 1 2 0 0 4 0 0 7 0 0 8 0 0 
XX-O-OXO- 2 0.73 1 4 0 0 8 0 0 
OX-XO-OX- 2 -0.73 1 5 0 0 8 0 0 
-O--X--OX 0 0.81 1 2 0 0 3 0 0 5 0 0 6 0 0 
OO-OXXXOX 2 0.66 1 
XX-OO-O-X 2 0.73 1 5 0 0 7 0 0 
-O--OXXXO 0 0.0 1 2 -0.73 2 3 0 0 
-OX--O-X- 0 0.0 1 3 0 0 4 0 0 6 0 0 8 0 0 
XOO--OXX- 3 0.73 1 4 0 0 8 0 0 
--O-OXXOX 0 -0.73 12 1 0.0 331 3 0.0 11 
-OXXOO-X- 0 0.0 4 6 0 0 8 0 0 
X-X-OX-OO 1 0.73 11 3 -0.73 1 6 0 0 
--OXX-OOX 0 0.73 1 1 0 0 5 0 0 
-OO-XOXX- 0 -0.73 1 3 0 0 8 0 0 
O-X---X-O 1 -0.81 1 3 -0.81 1 4 0 0 5 0 0 7 0 0 
O-OXOXXOX 1 0.0 11 
O--XXOO-X 1 0.02 140 2 0.0 3 7 0.0 3 
-O-XXOO-X 0 0.73 3 2 0 0 7 0 0 
--OXXOO-X 0 0.73 3 1 0 0 7 0 0 
---XXOOOX 0 0.73 2 1 0 0 2 0 0 
-XOO--OXX 0 -0.73 1 4 0.73 2 5 0 0 
---OOX--X 0 0.13 5 1 0 0 2 0 0 6 0.66 1 7 0 0 
XO-OOX--X 2 0.73 1 6 0 0 7 0 0 
----OX-OX 0 -0.73 1 1 0.24 3 2 0 0 3 0 0 6 0 0 
--XOXXOO- 0 -0.73 1 1 -0.73 1 8 0.73 1 
OX----O-X 2 -0.81 1 3 0 0 4 0 0 5 0 0 7 0 0 
OX--OOX-X 2 -0.73 1 3 0.0 3 7 0.73 1 
X--X-O-O- 1 -0.73 1 2 0.73 1 4 0 0 6 0 0 8 0 0 
XXOX-O-O- 4 -0.73 1 6 0 0 8 0 0 
XOOX-O--X 4 0.73 1 6 0 0 7 0 0 
O--XXOXO- 1 0.0 7 2 0 0 8 0 0 
X-OOOX--X 1 -0.73 1 6 0.22 3 7 0 0 
O-OXXOX-- 1 -0.73 1 7 -0.73 1 8 -0.73 1 
-XO-OX-OX 0 0.0 3 3 0 0 6 0 0 
O-O-XOXX- 1 0.73 1 3 0 0 8 0 0 
---XO--XO 0 0.0 1 1 0 0 2 0 0 5 0 0 6 0 0 
XO-XO--XO 2 0.0 1 5 0 0 6 0 0 
--XOXOO-X 0 0.73 1 1 0 0 7 0 0 
XX-OO--OX 2 0.73 1 5 0.0 2 6 0 0 
OO-X-XOX- 2 0.66 1 4 0 0 8 0 0 
-XXXOOOOX 0 0.66 1 
--XOXO-OX 0 0.73 1 1 0 0 6 0 0 
-XO----XO 0 0.0 5 3 0 0 4 0 0 5 0 0 6 0 0 
XXO--OXO- 3 0.73 1 4 0 0 8 0 0 
OO-OXX-X- 2 -0.73 1 6 0 0 8 0 0 
O-OXXO-X- 1 0.73 1 6 0 0 8 0 0 
XOOX-OOXX 4 0.66 1 
O--XX-XOO 1 0.66 1 2 0 0 5 0 0 
-OOXXO-X- 0 -0.73 1 6 -0.73 1 8 0 0 
-XOX---O- 0 0 0 4 0 0 5 0.73 1 6 0 0 8 0 0 
-OO---X-X 0 0.73 1 3 0 0 4 0 0 5 0 0 7 0 0 
-O-O--X-X 0 0.73 1 2 0 0 4 0 0 5 0 0 7 0 0 
X-O-OOXX- 1 -0.73 1 3 0.73 1 8 0 0 
-OXOO-XX- 0 -0.73 2 5 0.0 6 8 0.73 9 
OX-OOXX-- 2 -0.73 1 7 0 0 8 0 0 
X--O--XO- 1 0.0 3 2 0 0 4 0 0 5 0 0 8 0 0 
OOX--OXX- 3 0.66 1 4 0 0 8 0 0 
OX--X-OOX 2 -0.73 1 3 0 0 5 0 0 
-OX-OOXX- 0 0.66 1 3 0 0 8 0 0 
-OX-O-XXO 0 0.33 2 3 0 0 5 0 0 
X-OOO--XX 1 -0.73 1 5 0 0 6 0 0 
--X-OO-X- 0 0.0 1 1 0 0 3 0 0 6 0 0 8 0 0 
X--XOO-XO 1 -0.73 1 2 0.66 2 6 0 0 
-O----XOX 0 -0.73 1 2 0 0 3 0 0 4 0 0 5 0 0 
XO-O--XOX 2 -0.73 1 4 0 0 5 0 0 
XX-O-OO-X 2 0.73 1 4 0 0 7 0 0 
OXX-O-OX- 3 -0.73 1 5 -0.73 1 8 0 0 
O-OX-XOX- 1 -0.73 1 4 0 0 8 0 0 
-O-XO-OXX 0 -0.73 1 2 0 0 5 0 0 
O-XO-X-XO 1 -0.73 1 4 0 0 6 0 0 
O--O-XX-- 1 0 0 2 0.73 1 4 0 0 7 0 0 8 0 0 
XX-OOXO-- 2 0.73 1 7 0 0 8 0 0 
OX---O-X- 2 0.0 1 3 0 0 4 0 0 6 0 0 8 0 0 
OXX-OO-X- 3 0.0 1 6 0 0 8 0 0 
-X--OX--O 0 0.36 2 2 0 0 3 0 0 6 0 0 7 0 0 
-O-O-XX-- 0 0.0 1 2 0 0 4 0 0 7 0 0 8 0 0 
-OOXXO--X 0 0.73 1 6 0 0 7 0 0 
